"OPEN 6.3.4"
"Thr Mar 15 2018 14:05:37"
<open><version>"6.3.4"</version></open>
<open><configfile>"/User/Configs/UserPrefs/LED2x3.xml"</configfile></open>
<open><light><source>"6400-02 or -02B LED Source"</source><par_in>1<sensor>"SI-2503"<cal>-0.86<actinity>1.00</actinity><transm>1.00</transm></cal></sensor><transm>1</transm></par_in><par_out>1<sensor>"Q40491"<cal>6.5</cal></sensor></par_out></light></open>
<open><comps><file>"/User/Configs/Comps/StdComps_6.1"<header>""</header><extras></extras></file><energybal>no<f_parIn>1</f_parIn><f_parOut>0</f_parOut><alphaK>0.16</alphaK></energybal><bc_total>2.840<stomatal_ratio>1</stomatal_ratio><bc_oneside>1.420<type>2</type><table>"/Sys/Lib/StdBLCTable"</table><area>6</area><slope>-0.219565</slope><offset>2.73739</offset><fan>5</fan></bc_oneside></bc_total></comps></open>
<open><prompts><onlog>off</onlog><items>"Default (none)"</items></prompts></open>
<open><constants><oxygen>21 %</oxygen><bb_vapor>1.5</bb_vapor><bb_oxy>0.9</bb_oxy></constants></open>
<open><stability><items>"Std Stability"<items[1]><id>-2</id><size>15</size><pcv><onoff>0</onoff><value>1</value></pcv><std><onoff>0</onoff><value>1</value></std><slp><onoff>1</onoff><value>1</value></slp></items[1]><items[2]><id>-5</id><size>15</size><pcv><onoff>0</onoff><value>1</value></pcv><std><onoff>0</onoff><value>1</value></std><slp><onoff>1</onoff><value>1</value></slp></items[2]><items[3]><id>-7</id><size>15</size><pcv><onoff>0</onoff><value>1</value></pcv><std><onoff>0</onoff><value>1</value></std><slp><onoff>1</onoff><value>1</value></slp></items[3]></items></stability></open>
<open><log><format>"StdLogFmt_6.0"<items>{ -35 -21 -70 -69 -76 30 23 36 21 25 221 -33 111 -34 11 -9 -10 -8 -1 -2 -4 -5 -14 -15 -7 -12 -13 -11 -65 -66 -72 -18 -19 -77 -78 -79 -23  }<hdr>{  }</hdr></items></format><options><beep>on</beep><match>"never"<time>30</time><co2>100</co2><delta>10</delta></match><hdr>normal</hdr><rem>normal</rem><stab>no</stab><stats>no<mean>no</mean><file>no</file><period>15</period></stats><excel>yes</excel><controls>yes</controls><comm>no</comm></options><datafile>"/User/031518-ASTPS-EYW8013"</datafile><button><action>"Normal Log"<code>" LogOneObsManual "</code></action></button><autoprog>"/User/Configs/AutoProgs/AutoLog2"<active>no</active></autoprog></log></open>
<open><a2d><avgtime>4.0 secs</avgtime><userchans><ch20>"Off"</ch20><ch21>"Off"</ch21><ch22>"Off"</ch22><ch23>"Off"</ch23></userchans></a2d></open>
<open><matching><type>0</type><disp>'a'</disp><settings>><CO2Limit>10.0</CO2Limit><H2OLimit>1.0</H2OLimit><MaxAutoTime>60</MaxAutoTime><AverageTime>10</AverageTime></settings></matching></open>
<li6400><factory><unit>"PSC-2470"</unit><serviced>"5 Feb 2018"</serviced><fuseaware>0</fuseaware><co2mixer>yes</co2mixer><co2><coeffs>{ 0 0.214772 2.55802e-05 1.93228e-08 -3.02262e-12 2.75724e-16  }</coeffs><dvdt>-4</dvdt><xs>{ 9.11e-05 0.00178  }</xs></co2><h2o><coeffs>{ 0 0.00581526 2.16703e-06 7.69607e-12  }</coeffs><dvdt>-2.9</dvdt><xs>{ -0.000111 -0.00256  }</xs></h2o><flow>{ 0 0.3696  }</flow><press>{ 86.913 0.00551  }</press></factory></li6400>
<li6400><user><flow_zero>-3.5</flow_zero><irga_zero><co2>113.5 152.5<at>27.1329</at></co2><h2o>-3.5 -3.5<at>28.1091</at></h2o></irga_zero><irga_span><co2>{ 0.990134 0.992694  }</co2><h2o>{ 0.996743 0.99801  }</h2o></irga_span><irga_match><co2>{ 0.110267 14.8269  }</co2><h2o>{ -0.0816591 0.406455  }</h2o></irga_match><co2_mixer><pump_mv>4500</pump_mv><ppm>{ 2352.67 1117.67 439.284 266.3 121.188 70.6751 48.8233 48.8102  }</ppm><mv>{ 5000 3000 1500 1000 500 300 200 100  }</mv></co2_mixer><parin_offset>-0.211894</parin_offset><led_cal><unit>"SI-2503"</unit><mv>{ 10 25 50 100 1000 2000 3000 4000 5000  }</mv><qntm>{ 1.83047 9.20354 23.3042 57.5395 736.221 1467.2 2160.1 2821.48 3447.04  }</qntm></led_cal><lcf_cal><unit>"LCF-0981"</unit><red><mv>{ 50 100 200 400 800 1500  }</mv><qntm>{ 64.6036 145.758 312.409 661.73 1377.94 2641.23  }</qntm></red><blue><mv>{ 100 500 1000 2000 3000 4000 5000  }</mv><qntm>{ 11.107 44.4539 81.9578 145.168 203.372 256.093 300.56  }</qntm></blue></lcf_cal></user></li6400>
"14:05:39 "
$STARTOFDATA$
"Obs"	"HHMMSS"	"YYYYMMDD"	"DOY"	"EBal?"	"Photo"	"Cond"	"Ci"	"Trmmol"	"VpdL"	"CTleaf"	"Area"	"BLC_1"	"StmRat"	"BLCond"	"Tair"	"Tleaf"	"TBlk"	"CO2R"	"CO2S"	"H2OR"	"H2OS"	"RH_R"	"RH_S"	"Flow"	"PARi"	"PARo"	"Press"	"CsMch"	"HsMch"	"StableF"	"BLCslope"	"BLCoffst"	"f_parin"	"f_parout"	"alphaK"	"Status"
"14:06:05 Flow: Fixed -> 500 umol/s"
"14:08:19 Flow: Fixed -> 300 umol/s"
"14:17:04 Flow: Fixed -> 200 umol/s"
"14:32:49 Flow: Fixed -> 200 umol/s"
"14:35:25 Coolers: Tblock -> 0.00 C"
"15:11:14 Coolers: Tblock -> 7.70 C"
"15:11:57 Flow: Fixed -> 200 umol/s"
"15:13:31 Flow: Fixed -> 200 umol/s"
1	"15:13:39"	20180315	74	0	3.64	0.0589	275	1.25	1.53	17.37	6	1.42	1	2.84	10.09	17.37	7.76	399.89	387.49	2.702	6.420	15.70	37.30	199.7	1700	1	72.03	10.7	0.28	1.0	-0.22	2.74	1.00	0.00	0.16	111115
2	"15:13:39"	20180315	74	0	3.61	0.0589	276	1.25	1.53	17.37	6	1.42	1	2.84	10.09	17.37	7.76	399.84	387.53	2.701	6.419	15.69	37.30	199.7	1700	1	72.03	10.7	0.28	1.0	-0.22	2.74	1.00	0.00	0.16	111115
3	"15:13:40"	20180315	74	0	3.62	0.059	276	1.25	1.53	17.36	6	1.42	1	2.84	10.09	17.36	7.76	399.87	387.55	2.701	6.421	15.69	37.31	199.7	1700	1	72.03	10.7	0.28	1.0	-0.22	2.74	1.00	0.00	0.16	111115
4	"15:13:41"	20180315	74	0	3.62	0.0591	276	1.25	1.52	17.34	6	1.42	1	2.84	10.09	17.34	7.76	399.88	387.54	2.701	6.420	15.69	37.30	199.7	1700	1	72.03	10.7	0.28	1.0	-0.22	2.74	1.00	0.00	0.16	111115
5	"15:13:41"	20180315	74	0	3.63	0.0591	276	1.25	1.52	17.34	6	1.42	1	2.84	10.09	17.34	7.76	399.89	387.53	2.701	6.418	15.69	37.29	199.7	1700	1	72.03	10.7	0.28	1.0	-0.22	2.74	1.00	0.00	0.16	111115
6	"15:13:42"	20180315	74	0	3.64	0.0591	276	1.25	1.52	17.34	6	1.42	1	2.84	10.09	17.34	7.76	399.90	387.51	2.701	6.420	15.69	37.30	199.7	1700	1	72.03	10.7	0.28	1.0	-0.22	2.74	1.00	0.00	0.16	111115
7	"15:13:42"	20180315	74	0	3.63	0.0591	276	1.25	1.53	17.35	6	1.42	1	2.84	10.09	17.35	7.76	399.90	387.53	2.701	6.421	15.69	37.30	199.7	1700	1	72.03	10.7	0.28	1.0	-0.22	2.74	1.00	0.00	0.16	111115
8	"15:13:43"	20180315	74	0	3.66	0.059	275	1.25	1.53	17.36	6	1.42	1	2.84	10.09	17.36	7.76	399.95	387.50	2.701	6.422	15.69	37.31	199.7	1700	1	72.03	10.7	0.28	1.0	-0.22	2.74	1.00	0.00	0.16	111115
9	"15:13:43"	20180315	74	0	3.67	0.0591	275	1.25	1.53	17.36	6	1.42	1	2.84	10.09	17.36	7.76	399.98	387.50	2.701	6.423	15.69	37.31	199.7	1700	1	72.04	10.7	0.28	1.0	-0.22	2.74	1.00	0.00	0.16	111115
10	"15:13:44"	20180315	74	0	3.68	0.0591	275	1.25	1.53	17.35	6	1.42	1	2.84	10.09	17.35	7.76	399.99	387.47	2.700	6.423	15.69	37.31	199.7	1700	1	72.03	10.7	0.28	1.0	-0.22	2.74	1.00	0.00	0.16	111115
11	"15:13:44"	20180315	74	0	3.66	0.059	275	1.25	1.53	17.37	6	1.42	1	2.84	10.09	17.37	7.76	399.94	387.49	2.700	6.423	15.68	37.31	199.7	1700	1	72.03	10.7	0.28	1.0	-0.22	2.74	1.00	0.00	0.16	111115
12	"15:13:45"	20180315	74	0	3.66	0.059	275	1.25	1.53	17.38	6	1.42	1	2.84	10.09	17.38	7.76	399.92	387.48	2.699	6.424	15.68	37.31	199.7	1700	1	72.03	10.7	0.28	1.0	-0.22	2.74	1.00	0.00	0.16	111115
13	"15:13:46"	20180315	74	0	3.65	0.059	275	1.25	1.53	17.38	6	1.42	1	2.84	10.09	17.38	7.76	399.92	387.52	2.700	6.424	15.68	37.31	199.7	1700	1	72.03	10.7	0.28	1.0	-0.22	2.74	1.00	0.00	0.16	111115
14	"15:13:46"	20180315	74	0	3.66	0.0589	275	1.25	1.53	17.38	6	1.42	1	2.84	10.09	17.38	7.76	399.93	387.49	2.700	6.422	15.68	37.30	199.7	1700	1	72.03	10.7	0.28	1.0	-0.22	2.74	1.00	0.00	0.16	111115
15	"15:13:47"	20180315	74	0	3.68	0.059	275	1.25	1.53	17.37	6	1.42	1	2.84	10.09	17.37	7.76	399.98	387.48	2.699	6.421	15.68	37.29	199.7	1700	1	72.03	10.7	0.28	1.0	-0.22	2.74	1.00	0.00	0.16	111115
"15:14:01 Coolers: Tblock -> 12.70 C"
"15:17:43 Flow: Fixed -> 200 umol/s"
16	"15:17:54"	20180315	74	0	3.67	0.0595	274	1.36	1.65	19.50	6	1.42	1	2.84	14.16	19.50	12.75	399.80	387.20	4.646	8.697	20.64	38.64	199.7	1699	1	72.03	10.9	0.291	1.0	-0.22	2.74	1.00	0.00	0.16	111115
17	"15:17:54"	20180315	74	0	3.68	0.0594	274	1.36	1.65	19.50	6	1.42	1	2.84	14.16	19.50	12.75	399.80	387.17	4.645	8.696	20.63	38.63	199.7	1699	1	72.03	10.9	0.291	1.0	-0.22	2.74	1.00	0.00	0.16	111115
18	"15:17:55"	20180315	74	0	3.68	0.0594	274	1.36	1.65	19.52	6	1.42	1	2.84	14.17	19.52	12.75	399.80	387.18	4.644	8.695	20.63	38.63	199.7	1699	1	72.03	10.9	0.291	1.0	-0.22	2.74	1.00	0.00	0.16	111115
19	"15:17:56"	20180315	74	0	3.68	0.0593	274	1.36	1.65	19.53	6	1.42	1	2.84	14.17	19.53	12.75	399.80	387.16	4.643	8.697	20.62	38.63	199.7	1699	1	72.03	10.9	0.291	1.0	-0.22	2.74	1.00	0.00	0.16	111115
20	"15:17:56"	20180315	74	0	3.66	0.0593	274	1.36	1.65	19.53	6	1.42	1	2.84	14.17	19.53	12.75	399.78	387.20	4.643	8.696	20.62	38.62	199.7	1699	1	72.03	10.9	0.291	1.0	-0.22	2.74	1.00	0.00	0.16	111115
21	"15:17:57"	20180315	74	0	3.65	0.0593	275	1.36	1.65	19.52	6	1.42	1	2.84	14.17	19.52	12.75	399.74	387.18	4.644	8.695	20.62	38.61	199.7	1699	1	72.03	10.9	0.291	1.0	-0.22	2.74	1.00	0.00	0.16	111115
22	"15:17:57"	20180315	74	0	3.66	0.0594	274	1.36	1.65	19.52	6	1.42	1	2.84	14.17	19.52	12.75	399.71	387.13	4.643	8.695	20.62	38.61	199.7	1699	1	72.03	10.9	0.291	1.0	-0.22	2.74	1.00	0.00	0.16	111115
23	"15:17:58"	20180315	74	0	3.64	0.0594	275	1.36	1.65	19.51	6	1.42	1	2.84	14.17	19.51	12.75	399.67	387.15	4.643	8.697	20.62	38.62	199.7	1699	1	72.03	10.9	0.291	1.0	-0.22	2.74	1.00	0.00	0.16	111115
24	"15:17:58"	20180315	74	0	3.62	0.0595	276	1.36	1.65	19.51	6	1.42	1	2.84	14.17	19.51	12.75	399.64	387.17	4.643	8.699	20.62	38.62	199.7	1699	1	72.03	10.9	0.291	1.0	-0.22	2.74	1.00	0.00	0.16	111115
25	"15:17:59"	20180315	74	0	3.63	0.0595	275	1.36	1.65	19.51	6	1.42	1	2.84	14.17	19.51	12.75	399.62	387.13	4.643	8.700	20.61	38.63	199.7	1699	1	72.03	10.9	0.291	1.0	-0.22	2.74	1.00	0.00	0.16	111115
26	"15:18:00"	20180315	74	0	3.58	0.0595	277	1.36	1.65	19.50	6	1.42	1	2.84	14.17	19.50	12.75	399.55	387.20	4.644	8.701	20.61	38.63	199.7	1699	1	72.03	10.9	0.291	1.0	-0.22	2.74	1.00	0.00	0.16	111115
27	"15:18:00"	20180315	74	0	3.59	0.0595	276	1.36	1.65	19.51	6	1.42	1	2.84	14.18	19.51	12.75	399.55	387.18	4.644	8.699	20.62	38.61	199.7	1699	1	72.03	10.9	0.291	1.0	-0.22	2.74	1.00	0.00	0.16	111115
28	"15:18:01"	20180315	74	0	3.57	0.0595	277	1.36	1.65	19.51	6	1.42	1	2.84	14.18	19.51	12.75	399.53	387.21	4.644	8.701	20.61	38.62	199.7	1699	1	72.03	10.9	0.291	1.0	-0.22	2.74	1.00	0.00	0.16	111115
29	"15:18:02"	20180315	74	0	3.54	0.0596	278	1.36	1.65	19.50	6	1.42	1	2.84	14.18	19.50	12.75	399.52	387.28	4.644	8.703	20.61	38.63	199.7	1699	1	72.03	10.9	0.291	1.0	-0.22	2.74	1.00	0.00	0.16	111115
30	"15:18:03"	20180315	74	0	3.54	0.0596	278	1.36	1.65	19.50	6	1.42	1	2.84	14.18	19.50	12.76	399.53	387.30	4.645	8.704	20.61	38.63	199.7	1699	1	72.03	10.9	0.291	1.0	-0.22	2.74	1.00	0.00	0.16	111115
"15:18:26 Coolers: Tblock -> 17.70 C"
"15:22:25 Flow: Fixed -> 200 umol/s"
31	"15:23:12"	20180315	74	0	3.76	0.0602	273	1.35	1.62	20.60	6	1.42	1	2.84	18.42	20.60	17.75	400.10	387.22	7.312	11.337	24.77	38.40	199.7	1699	1	72.03	11.3	0.293	1.0	-0.22	2.74	1.00	0.00	0.16	111115
32	"15:23:13"	20180315	74	0	3.74	0.0602	274	1.36	1.62	20.60	6	1.42	1	2.84	18.42	20.60	17.75	400.08	387.27	7.312	11.337	24.77	38.40	199.7	1699	1	72.03	11.3	0.293	1.0	-0.22	2.74	1.00	0.00	0.16	111115
33	"15:23:13"	20180315	74	0	3.73	0.0601	274	1.36	1.62	20.62	6	1.42	1	2.84	18.42	20.62	17.75	400.02	387.23	7.313	11.339	24.77	38.41	199.7	1699	1	72.03	11.3	0.293	1.0	-0.22	2.74	1.00	0.00	0.16	111115
34	"15:23:14"	20180315	74	0	3.7	0.0601	275	1.36	1.62	20.63	6	1.42	1	2.84	18.42	20.63	17.75	399.99	387.29	7.313	11.341	24.77	38.41	199.7	1699	1	72.03	11.3	0.293	1.0	-0.22	2.74	1.00	0.00	0.16	111115
35	"15:23:15"	20180315	74	0	3.68	0.06	275	1.36	1.62	20.63	6	1.42	1	2.84	18.42	20.63	17.75	399.96	387.31	7.313	11.338	24.77	38.40	199.7	1699	1	72.03	11.3	0.293	1.0	-0.22	2.74	1.00	0.00	0.16	111115
36	"15:23:15"	20180315	74	0	3.67	0.0601	276	1.35	1.62	20.62	6	1.42	1	2.84	18.42	20.62	17.75	399.95	387.34	7.313	11.337	24.77	38.40	199.7	1699	1	72.03	11.3	0.293	1.0	-0.22	2.74	1.00	0.00	0.16	111115
37	"15:23:16"	20180315	74	0	3.67	0.0601	276	1.36	1.62	20.61	6	1.42	1	2.84	18.42	20.61	17.75	399.96	387.36	7.312	11.338	24.76	38.40	199.7	1699	1	72.03	11.3	0.293	0.7	-0.22	2.74	1.00	0.00	0.16	111115
38	"15:23:16"	20180315	74	0	3.69	0.0602	275	1.36	1.62	20.61	6	1.42	1	2.84	18.42	20.61	17.75	400.00	387.32	7.312	11.339	24.76	38.40	199.7	1699	1	72.03	11.3	0.293	0.7	-0.22	2.74	1.00	0.00	0.16	111115
39	"15:23:17"	20180315	74	0	3.71	0.0602	275	1.36	1.62	20.60	6	1.42	1	2.84	18.42	20.60	17.75	400.04	387.33	7.312	11.339	24.76	38.40	199.7	1699	1	72.03	11.3	0.293	0.7	-0.22	2.74	1.00	0.00	0.16	111115
40	"15:23:18"	20180315	74	0	3.72	0.0603	275	1.36	1.62	20.59	6	1.42	1	2.84	18.42	20.59	17.75	400.09	387.33	7.312	11.339	24.76	38.40	199.7	1699	1	72.03	11.3	0.293	0.7	-0.22	2.74	1.00	0.00	0.16	111115
41	"15:23:18"	20180315	74	0	3.75	0.0602	274	1.36	1.62	20.59	6	1.42	1	2.84	18.42	20.59	17.75	400.13	387.29	7.311	11.337	24.76	38.39	199.7	1699	1	72.03	11.3	0.293	0.7	-0.22	2.74	1.00	0.00	0.16	111115
42	"15:23:19"	20180315	74	0	3.73	0.0603	274	1.36	1.62	20.59	6	1.42	1	2.84	18.43	20.59	17.75	400.13	387.34	7.311	11.338	24.76	38.39	199.7	1699	1	72.03	11.3	0.293	0.7	-0.22	2.74	1.00	0.00	0.16	111115
43	"15:23:19"	20180315	74	0	3.71	0.0603	275	1.36	1.62	20.59	6	1.42	1	2.84	18.43	20.59	17.75	400.13	387.40	7.311	11.340	24.75	38.39	199.7	1699	1	72.03	11.3	0.293	0.7	-0.22	2.74	1.00	0.00	0.16	111115
44	"15:23:20"	20180315	74	0	3.69	0.0603	276	1.36	1.62	20.59	6	1.42	1	2.84	18.43	20.59	17.75	400.10	387.43	7.312	11.340	24.75	38.39	199.7	1699	1	72.03	11.3	0.293	0.7	-0.22	2.74	1.00	0.00	0.16	111115
45	"15:23:21"	20180315	74	0	3.64	0.06	276	1.35	1.62	20.62	6	1.42	1	2.84	18.43	20.62	17.75	400.01	387.49	7.312	11.335	24.75	38.37	199.7	1699	1	72.03	11.3	0.293	0.7	-0.22	2.74	1.00	0.00	0.16	111115
"15:23:35 Coolers: Tblock -> 22.70 C"
"15:29:04 Flow: Fixed -> 200 umol/s"
46	"15:29:44"	20180315	74	0	3.31	0.0544	275	1.41	1.85	23.64	6	1.42	1	2.84	22.78	23.64	22.74	399.84	388.26	10.842	15.013	28.07	38.86	199.7	1700	1	72.03	12	0.287	1.0	-0.22	2.74	1.00	0.00	0.16	111115
47	"15:29:44"	20180315	74	0	3.29	0.0544	276	1.41	1.85	23.64	6	1.42	1	2.84	22.78	23.64	22.74	399.79	388.26	10.842	15.014	28.06	38.86	199.7	1700	1	72.03	12	0.287	1.0	-0.22	2.74	1.00	0.00	0.16	111115
48	"15:29:45"	20180315	74	0	3.29	0.0543	276	1.41	1.85	23.65	6	1.42	1	2.84	22.78	23.65	22.74	399.78	388.24	10.842	15.013	28.07	38.86	199.7	1700	1	72.03	12	0.287	1.0	-0.22	2.74	1.00	0.00	0.16	111115
49	"15:29:45"	20180315	74	0	3.3	0.0543	275	1.41	1.85	23.65	6	1.42	1	2.84	22.78	23.65	22.74	399.80	388.23	10.842	15.015	28.06	38.87	199.7	1700	1	72.03	12	0.287	1.0	-0.22	2.74	1.00	0.00	0.16	111115
50	"15:29:46"	20180315	74	0	3.33	0.0543	275	1.41	1.85	23.66	6	1.42	1	2.84	22.78	23.66	22.74	399.82	388.17	10.843	15.014	28.07	38.86	199.7	1700	1	72.03	12	0.287	1.0	-0.22	2.74	1.00	0.00	0.16	111115
51	"15:29:46"	20180315	74	0	3.33	0.0543	275	1.41	1.85	23.66	6	1.42	1	2.84	22.78	23.66	22.74	399.80	388.16	10.843	15.014	28.07	38.86	199.7	1700	1	72.03	12	0.287	1.0	-0.22	2.74	1.00	0.00	0.16	111115
52	"15:29:47"	20180315	74	0	3.32	0.0543	275	1.41	1.85	23.66	6	1.42	1	2.84	22.78	23.66	22.74	399.80	388.18	10.843	15.014	28.06	38.86	199.7	1700	1	72.03	12	0.287	1.0	-0.22	2.74	1.00	0.00	0.16	111115
53	"15:29:47"	20180315	74	0	3.32	0.0543	275	1.41	1.85	23.66	6	1.42	1	2.84	22.78	23.66	22.74	399.80	388.18	10.843	15.014	28.06	38.86	199.7	1700	1	72.03	12	0.287	1.0	-0.22	2.74	1.00	0.00	0.16	111115
54	"15:29:48"	20180315	74	0	3.31	0.0542	275	1.41	1.85	23.66	6	1.42	1	2.84	22.78	23.66	22.74	399.81	388.21	10.844	15.014	28.07	38.86	199.7	1700	1	72.03	12	0.287	1.0	-0.22	2.74	1.00	0.00	0.16	111115
55	"15:29:48"	20180315	74	0	3.31	0.0543	275	1.41	1.85	23.66	6	1.42	1	2.84	22.78	23.66	22.74	399.79	388.20	10.845	15.015	28.07	38.86	199.7	1700	1	72.03	12	0.287	1.0	-0.22	2.74	1.00	0.00	0.16	111115
56	"15:29:49"	20180315	74	0	3.33	0.0543	274	1.41	1.85	23.66	6	1.42	1	2.84	22.78	23.66	22.74	399.80	388.16	10.846	15.015	28.07	38.86	199.7	1700	1	72.03	12	0.287	1.0	-0.22	2.74	1.00	0.00	0.16	111115
57	"15:29:49"	20180315	74	0	3.32	0.0543	275	1.41	1.85	23.65	6	1.42	1	2.84	22.79	23.65	22.74	399.79	388.17	10.846	15.014	28.07	38.85	199.7	1700	1	72.03	12	0.287	1.0	-0.22	2.74	1.00	0.00	0.16	111115
58	"15:29:50"	20180315	74	0	3.33	0.0543	274	1.41	1.85	23.65	6	1.42	1	2.84	22.79	23.65	22.74	399.78	388.14	10.847	15.016	28.07	38.86	199.7	1700	1	72.03	12	0.287	1.0	-0.22	2.74	1.00	0.00	0.16	111115
59	"15:29:50"	20180315	74	0	3.32	0.0543	275	1.41	1.85	23.65	6	1.42	1	2.84	22.79	23.65	22.74	399.78	388.16	10.847	15.017	28.07	38.86	199.7	1700	1	72.03	12	0.287	0.7	-0.22	2.74	1.00	0.00	0.16	111115
60	"15:29:51"	20180315	74	0	3.34	0.0543	274	1.41	1.85	23.65	6	1.42	1	2.84	22.79	23.65	22.74	399.80	388.12	10.847	15.016	28.07	38.86	199.7	1700	1	72.03	12	0.287	0.7	-0.22	2.74	1.00	0.00	0.16	111115
61	"15:29:51"	20180315	74	0	3.34	0.0544	274	1.41	1.85	23.65	6	1.42	1	2.84	22.79	23.65	22.74	399.79	388.11	10.848	15.019	28.07	38.86	199.7	1700	1	72.03	12	0.287	0.7	-0.22	2.74	1.00	0.00	0.16	111115
"15:30:25 Coolers: Tblock -> 27.70 C"
"15:30:32 Lamp: ParIn ->  1700 uml"
"15:30:33 CO2 Mixer: CO2R -> 400 uml"
"15:30:33 Coolers: Tblock -> 27.70 C"
"15:30:33 Flow: Fixed -> 200 umol/s"
"15:35:26 Flow: Fixed -> 200 umol/s"
62	"15:35:44"	20180315	74	0	3.05	0.0502	272	1.67	2.36	27.07	6	1.42	1	2.84	27.32	27.07	27.73	399.77	388.66	12.211	17.147	24.12	33.87	199.7	1699	2	72.03	13.4	0.296	1.0	-0.22	2.74	1.00	0.00	0.16	111115
63	"15:35:44"	20180315	74	0	3.02	0.0502	273	1.67	2.36	27.07	6	1.42	1	2.84	27.32	27.07	27.73	399.73	388.69	12.212	17.147	24.12	33.86	199.7	1699	2	72.03	13.4	0.296	1.0	-0.22	2.74	1.00	0.00	0.16	111115
64	"15:35:45"	20180315	74	0	3.02	0.0502	273	1.67	2.36	27.07	6	1.42	1	2.84	27.32	27.07	27.73	399.70	388.66	12.212	17.145	24.12	33.86	199.7	1699	2	72.03	13.4	0.296	1.0	-0.22	2.74	1.00	0.00	0.16	111115
65	"15:35:45"	20180315	74	0	3.02	0.0502	273	1.67	2.36	27.07	6	1.42	1	2.84	27.32	27.07	27.73	399.71	388.67	12.211	17.147	24.11	33.86	199.7	1699	2	72.03	13.4	0.296	1.0	-0.22	2.74	1.00	0.00	0.16	111115
66	"15:35:46"	20180315	74	0	3.01	0.0502	273	1.67	2.36	27.07	6	1.42	1	2.84	27.32	27.07	27.73	399.69	388.69	12.211	17.147	24.11	33.86	199.7	1699	2	72.03	13.4	0.296	1.0	-0.22	2.74	1.00	0.00	0.16	111115
67	"15:35:46"	20180315	74	0	3.02	0.0502	273	1.67	2.36	27.07	6	1.42	1	2.84	27.32	27.07	27.73	399.70	388.67	12.211	17.143	24.11	33.85	199.7	1699	2	72.03	13.4	0.296	1.0	-0.22	2.74	1.00	0.00	0.16	111115
68	"15:35:47"	20180315	74	0	3.05	0.0501	272	1.67	2.36	27.07	6	1.42	1	2.84	27.33	27.07	27.73	399.71	388.60	12.211	17.140	24.11	33.84	199.7	1699	2	72.03	13.4	0.296	1.0	-0.22	2.74	1.00	0.00	0.16	111115
69	"15:35:47"	20180315	74	0	3.05	0.0501	272	1.67	2.36	27.07	6	1.42	1	2.84	27.33	27.07	27.73	399.72	388.59	12.210	17.138	24.11	33.84	199.7	1699	2	72.03	13.4	0.296	1.0	-0.22	2.74	1.00	0.00	0.16	111115
70	"15:35:48"	20180315	74	0	3.05	0.0501	272	1.67	2.36	27.07	6	1.42	1	2.84	27.33	27.07	27.73	399.70	388.59	12.210	17.137	24.11	33.83	199.7	1699	2	72.03	13.4	0.296	1.0	-0.22	2.74	1.00	0.00	0.16	111115
71	"15:35:48"	20180315	74	0	3.07	0.0501	271	1.67	2.36	27.07	6	1.42	1	2.84	27.33	27.07	27.73	399.72	388.55	12.210	17.139	24.11	33.84	199.7	1698	2	72.03	13.4	0.296	1.0	-0.22	2.74	1.00	0.00	0.16	111115
72	"15:35:49"	20180315	74	0	3.09	0.0501	271	1.67	2.36	27.08	6	1.42	1	2.84	27.33	27.08	27.73	399.78	388.54	12.211	17.141	24.11	33.84	199.7	1698	2	72.03	13.4	0.296	1.0	-0.22	2.74	1.00	0.00	0.16	111115
73	"15:35:50"	20180315	74	0	3.07	0.05	271	1.67	2.36	27.09	6	1.42	1	2.84	27.33	27.09	27.73	399.69	388.52	12.211	17.138	24.10	33.83	199.7	1698	2	72.03	13.4	0.296	1.0	-0.22	2.74	1.00	0.00	0.16	111115
74	"15:35:50"	20180315	74	0	3.09	0.05	270	1.67	2.36	27.09	6	1.42	1	2.84	27.33	27.09	27.73	399.71	388.48	12.211	17.140	24.10	33.83	199.7	1698	2	72.03	13.4	0.296	1.0	-0.22	2.74	1.00	0.00	0.16	111115
75	"15:35:51"	20180315	74	0	3.07	0.05	271	1.67	2.37	27.10	6	1.42	1	2.84	27.33	27.10	27.73	399.69	388.53	12.212	17.142	24.10	33.83	199.7	1698	2	72.03	13.4	0.296	1.0	-0.22	2.74	1.00	0.00	0.16	111115
76	"15:35:52"	20180315	74	0	3.05	0.05	271	1.67	2.37	27.10	6	1.42	1	2.84	27.34	27.10	27.73	399.68	388.55	12.213	17.143	24.10	33.83	199.7	1699	2	72.03	13.4	0.296	1.0	-0.22	2.74	1.00	0.00	0.16	111115
"15:36:09 Coolers: Tblock -> 32.70 C"
"15:44:14 Flow: Fixed -> 200 umol/s"
77	"15:44:58"	20180315	74	0	2.7	0.0432	266	1.8	2.92	31.04	6	1.42	1	2.84	32.15	31.04	32.73	399.94	389.72	16.992	22.275	25.42	33.32	199.6	1700	2	72.04	14.6	0.275	0.7	-0.22	2.74	1.00	0.00	0.16	111115
78	"15:44:58"	20180315	74	0	2.72	0.0432	265	1.8	2.92	31.04	6	1.42	1	2.84	32.15	31.04	32.74	399.95	389.68	16.992	22.277	25.42	33.32	199.6	1700	2	72.04	14.6	0.275	0.7	-0.22	2.74	1.00	0.00	0.16	111115
79	"15:44:59"	20180315	74	0	2.7	0.0432	266	1.8	2.92	31.05	6	1.42	1	2.84	32.15	31.05	32.73	399.95	389.73	16.993	22.280	25.42	33.33	199.6	1700	2	72.04	14.6	0.275	0.7	-0.22	2.74	1.00	0.00	0.16	111115
80	"15:44:59"	20180315	74	0	2.69	0.0432	266	1.8	2.92	31.05	6	1.42	1	2.84	32.15	31.05	32.73	399.97	389.76	16.994	22.281	25.42	33.33	199.6	1700	2	72.03	14.6	0.275	0.7	-0.22	2.74	1.00	0.00	0.16	111115
81	"15:44:59"	20180315	74	0	2.73	0.0432	265	1.8	2.92	31.05	6	1.42	1	2.84	32.15	31.05	32.73	400.00	389.69	16.995	22.283	25.42	33.33	199.6	1700	2	72.04	14.6	0.275	0.7	-0.22	2.74	1.00	0.00	0.16	111115
82	"15:45:00"	20180315	74	0	2.73	0.0432	265	1.8	2.92	31.05	6	1.42	1	2.84	32.15	31.05	32.73	400.00	389.69	16.995	22.283	25.42	33.33	199.6	1700	2	72.04	14.6	0.275	0.7	-0.22	2.74	1.00	0.00	0.16	111115
83	"15:45:00"	20180315	74	0	2.71	0.0432	266	1.8	2.92	31.05	6	1.42	1	2.84	32.15	31.05	32.73	399.96	389.70	16.994	22.286	25.42	33.34	199.6	1700	2	72.03	14.6	0.275	0.7	-0.22	2.74	1.00	0.00	0.16	111115
84	"15:45:01"	20180315	74	0	2.71	0.0432	266	1.8	2.92	31.05	6	1.42	1	2.84	32.15	31.05	32.73	399.94	389.67	16.995	22.286	25.42	33.34	199.6	1700	2	72.03	14.6	0.275	0.7	-0.22	2.74	1.00	0.00	0.16	111115
85	"15:45:01"	20180315	74	0	2.73	0.0431	265	1.8	2.92	31.05	6	1.42	1	2.84	32.15	31.05	32.73	399.97	389.66	16.997	22.285	25.43	33.34	199.6	1700	2	72.04	14.6	0.275	0.7	-0.22	2.74	1.00	0.00	0.16	111115
86	"15:45:01"	20180315	74	0	2.74	0.0431	265	1.8	2.92	31.05	6	1.42	1	2.84	32.15	31.05	32.73	399.99	389.65	16.998	22.285	25.43	33.34	199.6	1700	2	72.03	14.6	0.275	0.7	-0.22	2.74	1.00	0.00	0.16	111115
87	"15:45:02"	20180315	74	0	2.74	0.0431	265	1.8	2.92	31.05	6	1.42	1	2.84	32.15	31.05	32.73	399.99	389.65	16.998	22.285	25.43	33.34	199.6	1700	2	72.03	14.6	0.275	0.7	-0.22	2.74	1.00	0.00	0.16	111115
88	"15:45:02"	20180315	74	0	2.72	0.0432	266	1.8	2.92	31.05	6	1.42	1	2.84	32.15	31.05	32.73	399.98	389.69	16.999	22.287	25.43	33.34	199.6	1700	2	72.04	14.6	0.275	0.7	-0.22	2.74	1.00	0.00	0.16	111115
89	"15:45:03"	20180315	74	0	2.73	0.0432	265	1.8	2.92	31.04	6	1.42	1	2.84	32.15	31.04	32.73	400.00	389.67	16.999	22.284	25.43	33.33	199.6	1700	2	72.04	14.6	0.275	0.7	-0.22	2.74	1.00	0.00	0.16	111115
90	"15:45:03"	20180315	74	0	2.75	0.0432	264	1.8	2.92	31.04	6	1.42	1	2.84	32.15	31.04	32.73	400.00	389.64	16.999	22.282	25.43	33.33	199.6	1700	2	72.04	14.6	0.275	0.7	-0.22	2.74	1.00	0.00	0.16	111115
91	"15:45:04"	20180315	74	0	2.77	0.0432	264	1.8	2.91	31.03	6	1.42	1	2.84	32.15	31.03	32.73	400.05	389.62	17.001	22.281	25.43	33.33	199.6	1700	2	72.04	14.6	0.275	0.7	-0.22	2.74	1.00	0.00	0.16	111115
"15:45:20 Coolers: Tblock -> 35.70 C"
"15:51:26 Coolers: Tblock -> 37.70 C"
"15:53:02 Flow: Fixed -> 200 umol/s"
92	"15:53:24"	20180315	74	0	2.47	0.04	267	1.81	3.13	33.58	6	1.42	1	2.84	36.39	33.58	37.75	400.14	390.58	23.673	28.952	27.96	34.19	199.6	1699	2	72.03	15.8	0.183	1.0	-0.22	2.74	1.00	0.00	0.16	111115
93	"15:53:25"	20180315	74	0	2.47	0.04	267	1.81	3.13	33.58	6	1.42	1	2.84	36.39	33.58	37.75	400.12	390.57	23.672	28.951	27.96	34.19	199.6	1699	2	72.03	15.8	0.183	1.0	-0.22	2.74	1.00	0.00	0.16	111115
94	"15:53:25"	20180315	74	0	2.48	0.04	266	1.81	3.14	33.59	6	1.42	1	2.84	36.39	33.59	37.75	400.13	390.54	23.672	28.951	27.96	34.19	199.6	1699	2	72.03	15.8	0.183	1.0	-0.22	2.74	1.00	0.00	0.16	111115
95	"15:53:26"	20180315	74	0	2.49	0.04	266	1.81	3.14	33.59	6	1.42	1	2.84	36.39	33.59	37.75	400.14	390.53	23.672	28.954	27.95	34.19	199.6	1699	2	72.03	15.8	0.183	1.0	-0.22	2.74	1.00	0.00	0.16	111115
96	"15:53:26"	20180315	74	0	2.51	0.04	265	1.81	3.14	33.59	6	1.42	1	2.84	36.39	33.59	37.75	400.16	390.48	23.671	28.953	27.95	34.19	199.6	1699	2	72.03	15.8	0.183	1.0	-0.22	2.74	1.00	0.00	0.16	111115
97	"15:53:27"	20180315	74	0	2.51	0.0401	265	1.81	3.13	33.58	6	1.42	1	2.84	36.40	33.58	37.75	400.15	390.48	23.670	28.956	27.95	34.19	199.6	1699	2	72.03	15.8	0.183	1.0	-0.22	2.74	1.00	0.00	0.16	111115
98	"15:53:27"	20180315	74	0	2.5	0.0401	265	1.81	3.13	33.58	6	1.42	1	2.84	36.40	33.58	37.76	400.12	390.47	23.670	28.959	27.95	34.19	199.6	1699	2	72.03	15.8	0.183	1.0	-0.22	2.74	1.00	0.00	0.16	111115
99	"15:53:28"	20180315	74	0	2.52	0.0401	265	1.81	3.13	33.58	6	1.42	1	2.84	36.40	33.58	37.76	400.11	390.42	23.668	28.958	27.94	34.19	199.6	1699	2	72.03	15.8	0.183	1.0	-0.22	2.74	1.00	0.00	0.16	111115
100	"15:53:28"	20180315	74	0	2.51	0.0401	265	1.81	3.13	33.58	6	1.42	1	2.84	36.40	33.58	37.76	400.10	390.44	23.669	28.961	27.94	34.19	199.6	1699	2	72.03	15.8	0.183	1.0	-0.22	2.74	1.00	0.00	0.16	111115
101	"15:53:29"	20180315	74	0	2.51	0.0401	265	1.81	3.13	33.59	6	1.42	1	2.84	36.40	33.59	37.76	400.11	390.44	23.669	28.965	27.94	34.19	199.6	1699	2	72.03	15.8	0.183	1.0	-0.22	2.74	1.00	0.00	0.16	111115
102	"15:53:30"	20180315	74	0	2.52	0.0401	265	1.81	3.13	33.58	6	1.42	1	2.84	36.40	33.58	37.76	400.11	390.42	23.670	28.964	27.94	34.19	199.6	1699	2	72.03	15.8	0.183	1.0	-0.22	2.74	1.00	0.00	0.16	111115
103	"15:53:31"	20180315	74	0	2.49	0.04	266	1.81	3.14	33.60	6	1.42	1	2.84	36.40	33.60	37.76	400.08	390.46	23.670	28.957	27.94	34.18	199.6	1699	2	72.03	15.8	0.183	1.0	-0.22	2.74	1.00	0.00	0.16	111115
104	"15:53:31"	20180315	74	0	2.5	0.04	265	1.81	3.14	33.60	6	1.42	1	2.84	36.40	33.60	37.76	400.10	390.45	23.670	28.956	27.94	34.17	199.6	1699	2	72.03	15.8	0.183	1.0	-0.22	2.74	1.00	0.00	0.16	111115
105	"15:53:32"	20180315	74	0	2.51	0.04	265	1.81	3.14	33.60	6	1.42	1	2.84	36.41	33.60	37.77	400.12	390.44	23.671	28.958	27.93	34.17	199.6	1699	2	72.03	15.8	0.183	1.0	-0.22	2.74	1.00	0.00	0.16	111115
106	"15:53:33"	20180315	74	0	2.51	0.04	265	1.81	3.14	33.60	6	1.42	1	2.84	36.41	33.60	37.77	400.13	390.45	23.671	28.958	27.93	34.17	199.6	1699	2	72.03	15.8	0.183	1.0	-0.22	2.74	1.00	0.00	0.16	111115
"15:54:08 Coolers: Tblock -> 42.70 C"
"15:57:48 Flow: Fixed -> 200 umol/s"
107	"15:58:15"	20180315	74	0	2.12	0.0383	272	2.06	3.7	35.92	6	1.42	1	2.84	40.70	35.92	42.75	399.81	391.02	25.087	31.083	23.48	29.09	199.6	1699	2	72.02	17.2	0.105	1.0	-0.22	2.74	1.00	0.00	0.16	111115
108	"15:58:15"	20180315	74	0	2.13	0.0383	272	2.06	3.71	35.92	6	1.42	1	2.84	40.70	35.92	42.75	399.83	391.02	25.086	31.083	23.47	29.08	199.6	1699	2	72.02	17.2	0.105	1.0	-0.22	2.74	1.00	0.00	0.16	111115
109	"15:58:16"	20180315	74	0	2.12	0.0383	273	2.06	3.7	35.92	6	1.42	1	2.84	40.71	35.92	42.75	399.83	391.04	25.086	31.086	23.47	29.09	199.6	1699	2	72.02	17.2	0.105	1.0	-0.22	2.74	1.00	0.00	0.16	111115
110	"15:58:16"	20180315	74	0	2.15	0.0383	271	2.06	3.71	35.93	6	1.42	1	2.84	40.71	35.93	42.75	399.87	390.99	25.086	31.085	23.47	29.08	199.6	1699	2	72.02	17.2	0.105	1.0	-0.22	2.74	1.00	0.00	0.16	111115
111	"15:58:17"	20180315	74	0	2.15	0.0382	271	2.06	3.71	35.95	6	1.42	1	2.84	40.71	35.95	42.75	399.86	390.97	25.086	31.088	23.47	29.08	199.6	1699	2	72.02	17.2	0.105	1.0	-0.22	2.74	1.00	0.00	0.16	111115
112	"15:58:17"	20180315	74	0	2.15	0.0382	271	2.06	3.71	35.95	6	1.42	1	2.84	40.71	35.95	42.75	399.86	390.97	25.086	31.088	23.47	29.08	199.6	1699	2	72.02	17.2	0.105	1.0	-0.22	2.74	1.00	0.00	0.16	111115
113	"15:58:17"	20180315	74	0	2.15	0.0381	271	2.06	3.72	35.97	6	1.42	1	2.84	40.71	35.97	42.76	399.85	390.98	25.087	31.086	23.47	29.08	199.6	1699	2	72.02	17.2	0.105	1.0	-0.22	2.74	1.00	0.00	0.16	111115
114	"15:58:18"	20180315	74	0	2.13	0.0381	271	2.06	3.72	35.98	6	1.42	1	2.84	40.71	35.98	42.76	399.79	390.97	25.085	31.083	23.46	29.07	199.6	1699	2	72.02	17.2	0.105	1.0	-0.22	2.74	1.00	0.00	0.16	111115
115	"15:58:18"	20180315	74	0	2.12	0.038	272	2.06	3.73	36.00	6	1.42	1	2.84	40.71	36.00	42.76	399.77	390.98	25.085	31.085	23.46	29.07	199.6	1699	2	72.02	17.2	0.105	1.0	-0.22	2.74	1.00	0.00	0.16	111115
116	"15:58:19"	20180315	74	0	2.11	0.038	272	2.06	3.73	36.01	6	1.42	1	2.84	40.71	36.01	42.76	399.79	391.02	25.085	31.081	23.46	29.07	199.6	1699	2	72.02	17.2	0.105	1.0	-0.22	2.74	1.00	0.00	0.16	111115
117	"15:58:19"	20180315	74	0	2.11	0.038	272	2.06	3.73	36.01	6	1.42	1	2.84	40.71	36.01	42.76	399.78	391.02	25.086	31.083	23.46	29.07	199.6	1699	2	72.02	17.2	0.105	1.0	-0.22	2.74	1.00	0.00	0.16	111115
118	"15:58:19"	20180315	74	0	2.11	0.038	272	2.06	3.73	36.01	6	1.42	1	2.84	40.71	36.01	42.76	399.78	391.02	25.086	31.083	23.46	29.07	199.6	1699	2	72.02	17.2	0.105	1.0	-0.22	2.74	1.00	0.00	0.16	111115
119	"15:58:20"	20180315	74	0	2.09	0.0379	273	2.06	3.74	36.02	6	1.42	1	2.84	40.72	36.02	42.76	399.74	391.05	25.087	31.082	23.46	29.07	199.6	1699	3	72.02	17.2	0.105	1.0	-0.22	2.74	1.00	0.00	0.16	111115
120	"15:58:20"	20180315	74	0	2.08	0.0379	273	2.06	3.74	36.02	6	1.42	1	2.84	40.72	36.02	42.76	399.71	391.05	25.087	31.081	23.46	29.06	199.6	1699	2	72.02	17.2	0.105	1.0	-0.22	2.74	1.00	0.00	0.16	111115
121	"15:58:21"	20180315	74	0	2.1	0.038	273	2.06	3.73	35.99	6	1.42	1	2.84	40.72	35.99	42.76	399.73	391.01	25.086	31.079	23.45	29.06	199.7	1699	2	72.02	17.2	0.105	1.0	-0.22	2.74	1.00	0.00	0.16	111115
"15:58:35 Coolers: Tblock -> 47.70 C"
"16:05:04 Flow: Fixed -> 200 umol/s"
"16:06:09 Flow: Fixed -> 200 umol/s"
"16:07:23 Flow: Fixed -> 200 umol/s"
122	"16:07:34"	20180315	74	0	1.19	0.0344	297	2.47	4.88	39.62	6	1.42	1	2.84	45.56	39.62	47.73	399.81	393.32	25.945	33.119	18.83	24.04	199.7	1699	2	72.01	20	0.136	1.0	-0.22	2.74	1.00	0.00	0.16	111115
123	"16:07:34"	20180315	74	0	1.17	0.0344	298	2.47	4.88	39.63	6	1.42	1	2.84	45.56	39.63	47.74	399.80	393.36	25.944	33.117	18.83	24.04	199.7	1699	2	72.01	20	0.136	1.0	-0.22	2.74	1.00	0.00	0.16	111115
124	"16:07:35"	20180315	74	0	1.17	0.0344	298	2.47	4.88	39.62	6	1.42	1	2.84	45.56	39.62	47.74	399.81	393.39	25.943	33.115	18.83	24.03	199.7	1699	2	72.01	20	0.136	1.0	-0.22	2.74	1.00	0.00	0.16	111115
125	"16:07:35"	20180315	74	0	1.19	0.0344	297	2.47	4.88	39.62	6	1.42	1	2.84	45.56	39.62	47.74	399.85	393.35	25.944	33.114	18.83	24.03	199.7	1699	2	72.02	20	0.136	1.0	-0.22	2.74	1.00	0.00	0.16	111115
126	"16:07:36"	20180315	74	0	1.19	0.0343	297	2.47	4.89	39.63	6	1.42	1	2.84	45.56	39.63	47.74	399.83	393.34	25.942	33.110	18.83	24.03	199.7	1699	2	72.02	20	0.136	1.0	-0.22	2.74	1.00	0.00	0.16	111115
127	"16:07:36"	20180315	74	0	1.19	0.0343	297	2.47	4.89	39.65	6	1.42	1	2.84	45.56	39.65	47.74	399.84	393.35	25.943	33.107	18.83	24.03	199.7	1699	2	72.02	20	0.136	1.0	-0.22	2.74	1.00	0.00	0.16	111115
128	"16:07:36"	20180315	74	0	1.21	0.0343	296	2.47	4.89	39.64	6	1.42	1	2.84	45.56	39.64	47.74	399.85	393.29	25.944	33.106	18.83	24.03	199.7	1699	2	72.02	20	0.136	1.0	-0.22	2.74	1.00	0.00	0.16	111115
129	"16:07:37"	20180315	74	0	1.21	0.0344	296	2.46	4.88	39.62	6	1.42	1	2.84	45.57	39.62	47.74	399.82	393.28	25.944	33.103	18.83	24.02	199.7	1699	2	72.02	20	0.136	1.0	-0.22	2.74	1.00	0.00	0.16	111115
130	"16:07:37"	20180315	74	0	1.2	0.0344	297	2.46	4.87	39.58	6	1.42	1	2.84	45.57	39.58	47.74	399.82	393.30	25.945	33.102	18.83	24.02	199.7	1699	2	72.02	20	0.136	1.0	-0.22	2.74	1.00	0.00	0.16	111115
131	"16:07:38"	20180315	74	0	1.2	0.0345	297	2.46	4.86	39.56	6	1.42	1	2.84	45.57	39.56	47.74	399.81	393.30	25.945	33.103	18.83	24.02	199.7	1699	2	72.02	20	0.136	1.0	-0.22	2.74	1.00	0.00	0.16	111115
132	"16:07:38"	20180315	74	0	1.19	0.0345	297	2.46	4.85	39.55	6	1.42	1	2.84	45.57	39.55	47.74	399.81	393.31	25.946	33.102	18.83	24.02	199.7	1699	2	72.01	20	0.136	0.7	-0.22	2.74	1.00	0.00	0.16	111115
133	"16:07:39"	20180315	74	0	1.2	0.0345	297	2.46	4.85	39.55	6	1.42	1	2.84	45.57	39.55	47.74	399.80	393.29	25.945	33.103	18.83	24.02	199.7	1698	2	72.02	20	0.136	0.7	-0.22	2.74	1.00	0.00	0.16	111115
134	"16:07:39"	20180315	74	0	1.17	0.0345	299	2.46	4.85	39.55	6	1.42	1	2.84	45.57	39.55	47.74	399.76	393.34	25.945	33.104	18.83	24.02	199.7	1698	2	72.01	20	0.136	1.0	-0.22	2.74	1.00	0.00	0.16	111115
135	"16:07:40"	20180315	74	0	1.13	0.0346	300	2.46	4.84	39.53	6	1.42	1	2.84	45.57	39.53	47.74	399.72	393.40	25.947	33.104	18.83	24.02	199.7	1698	2	72.02	20	0.136	1.0	-0.22	2.74	1.00	0.00	0.16	111115
136	"16:07:40"	20180315	74	0	1.14	0.0346	300	2.46	4.84	39.51	6	1.42	1	2.84	45.57	39.51	47.74	399.71	393.38	25.948	33.104	18.83	24.02	199.7	1698	2	72.02	20	0.136	1.0	-0.22	2.74	1.00	0.00	0.16	111115
