"OPEN 6.3.4"
"Thr Mar 15 2018 11:50:07"
<open><version>"6.3.4"</version></open>
<open><configfile>"/User/Configs/UserPrefs/LED2x3.xml"</configfile></open>
<open><light><source>"6400-02 or -02B LED Source"</source><par_in>1<sensor>"SI-2503"<cal>-0.86<actinity>1.00</actinity><transm>1.00</transm></cal></sensor><transm>1</transm></par_in><par_out>1<sensor>"Q40491"<cal>6.5</cal></sensor></par_out></light></open>
<open><comps><file>"/User/Configs/Comps/StdComps_6.1"<header>""</header><extras></extras></file><energybal>no<f_parIn>1</f_parIn><f_parOut>0</f_parOut><alphaK>0.16</alphaK></energybal><bc_total>2.840<stomatal_ratio>1</stomatal_ratio><bc_oneside>1.420<type>2</type><table>"/Sys/Lib/StdBLCTable"</table><area>6</area><slope>-0.219565</slope><offset>2.73739</offset><fan>5</fan></bc_oneside></bc_total></comps></open>
<open><prompts><onlog>off</onlog><items>"Default (none)"</items></prompts></open>
<open><constants><oxygen>21 %</oxygen><bb_vapor>1.5</bb_vapor><bb_oxy>0.9</bb_oxy></constants></open>
<open><stability><items>"Std Stability"<items[1]><id>-2</id><size>15</size><pcv><onoff>0</onoff><value>1</value></pcv><std><onoff>0</onoff><value>1</value></std><slp><onoff>1</onoff><value>1</value></slp></items[1]><items[2]><id>-5</id><size>15</size><pcv><onoff>0</onoff><value>1</value></pcv><std><onoff>0</onoff><value>1</value></std><slp><onoff>1</onoff><value>1</value></slp></items[2]><items[3]><id>-7</id><size>15</size><pcv><onoff>0</onoff><value>1</value></pcv><std><onoff>0</onoff><value>1</value></std><slp><onoff>1</onoff><value>1</value></slp></items[3]></items></stability></open>
<open><log><format>"StdLogFmt_6.0"<items>{ -35 -21 -70 -69 -76 30 23 36 21 25 221 -33 111 -34 11 -9 -10 -8 -1 -2 -4 -5 -14 -15 -7 -12 -13 -11 -65 -66 -72 -18 -19 -77 -78 -79 -23  }<hdr>{  }</hdr></items></format><options><beep>on</beep><match>"never"<time>30</time><co2>100</co2><delta>10</delta></match><hdr>normal</hdr><rem>normal</rem><stab>no</stab><stats>no<mean>no</mean><file>no</file><period>15</period></stats><excel>yes</excel><controls>yes</controls><comm>no</comm></options><datafile>"/User/031518-PSLH-EOQ5582"</datafile><button><action>"Normal Log"<code>" LogOneObsManual "</code></action></button><autoprog>"/User/Configs/AutoProgs/AutoLog2"<active>no</active></autoprog></log></open>
<open><a2d><avgtime>4.0 secs</avgtime><userchans><ch20>"Off"</ch20><ch21>"Off"</ch21><ch22>"Off"</ch22><ch23>"Off"</ch23></userchans></a2d></open>
<open><matching><type>0</type><disp>'a'</disp><settings>><CO2Limit>10.0</CO2Limit><H2OLimit>1.0</H2OLimit><MaxAutoTime>60</MaxAutoTime><AverageTime>10</AverageTime></settings></matching></open>
<li6400><factory><unit>"PSC-2470"</unit><serviced>"5 Feb 2018"</serviced><fuseaware>0</fuseaware><co2mixer>yes</co2mixer><co2><coeffs>{ 0 0.214772 2.55802e-05 1.93228e-08 -3.02262e-12 2.75724e-16  }</coeffs><dvdt>-4</dvdt><xs>{ 9.11e-05 0.00178  }</xs></co2><h2o><coeffs>{ 0 0.00581526 2.16703e-06 7.69607e-12  }</coeffs><dvdt>-2.9</dvdt><xs>{ -0.000111 -0.00256  }</xs></h2o><flow>{ 0 0.3696  }</flow><press>{ 86.913 0.00551  }</press></factory></li6400>
<li6400><user><flow_zero>-3.5</flow_zero><irga_zero><co2>113.5 152.5<at>27.1329</at></co2><h2o>-3.5 -3.5<at>28.1091</at></h2o></irga_zero><irga_span><co2>{ 0.990134 0.992694  }</co2><h2o>{ 0.996743 0.99801  }</h2o></irga_span><irga_match><co2>{ 0.110267 13.8835  }</co2><h2o>{ -0.0816591 0.376593  }</h2o></irga_match><co2_mixer><pump_mv>4500</pump_mv><ppm>{ 2352.67 1117.67 439.284 266.3 121.188 70.6751 48.8233 48.8102  }</ppm><mv>{ 5000 3000 1500 1000 500 300 200 100  }</mv></co2_mixer><parin_offset>-0.211894</parin_offset><led_cal><unit>"SI-2503"</unit><mv>{ 10 25 50 100 1000 2000 3000 4000 5000  }</mv><qntm>{ 1.83047 9.20354 23.3042 57.5395 736.221 1467.2 2160.1 2821.48 3447.04  }</qntm></led_cal><lcf_cal><unit>"LCF-0981"</unit><red><mv>{ 50 100 200 400 800 1500  }</mv><qntm>{ 64.6036 145.758 312.409 661.73 1377.94 2641.23  }</qntm></red><blue><mv>{ 100 500 1000 2000 3000 4000 5000  }</mv><qntm>{ 11.107 44.4539 81.9578 145.168 203.372 256.093 300.56  }</qntm></blue></lcf_cal></user></li6400>
"11:50:09 "
$STARTOFDATA$
"Obs"	"HHMMSS"	"YYYYMMDD"	"DOY"	"EBal?"	"Photo"	"Cond"	"Ci"	"Trmmol"	"VpdL"	"CTleaf"	"Area"	"BLC_1"	"StmRat"	"BLCond"	"Tair"	"Tleaf"	"TBlk"	"CO2R"	"CO2S"	"H2OR"	"H2OS"	"RH_R"	"RH_S"	"Flow"	"PARi"	"PARo"	"Press"	"CsMch"	"HsMch"	"StableF"	"BLCslope"	"BLCoffst"	"f_parin"	"f_parout"	"alphaK"	"Status"
"11:53:02 Flow: Fixed -> 200 umol/s"
1	"11:54:37"	20180315	74	0	2.38	0.0487	302	0.936	1.39	16.73	6	1.42	1	2.84	11.68	16.73	9.26	400.14	391.90	4.441	7.234	23.29	37.93	199.7	1700	18	72.25	11.9	0.297	1.0	-0.22	2.74	1.00	0.00	0.16	111115
2	"11:54:41"	20180315	74	0	2.3	0.0488	305	0.936	1.39	16.70	6	1.42	1	2.84	11.67	16.70	9.26	400.10	392.09	4.441	7.234	23.29	37.94	199.6	1700	18	72.25	11.9	0.297	1.0	-0.22	2.74	1.00	0.00	0.16	111115
3	"11:54:43"	20180315	74	0	2.3	0.0488	305	0.936	1.39	16.71	6	1.42	1	2.84	11.67	16.71	9.26	400.09	392.07	4.442	7.235	23.30	37.95	199.6	1700	18	72.25	11.9	0.297	1.0	-0.22	2.74	1.00	0.00	0.16	111115
4	"11:54:45"	20180315	74	0	2.31	0.049	305	0.937	1.38	16.69	6	1.42	1	2.84	11.67	16.69	9.26	400.12	392.08	4.441	7.238	23.29	37.96	199.7	1700	18	72.25	11.9	0.297	1.0	-0.22	2.74	1.00	0.00	0.16	111115
5	"11:54:46"	20180315	74	0	2.34	0.0491	304	0.938	1.38	16.67	6	1.42	1	2.84	11.67	16.67	9.26	400.12	391.99	4.440	7.238	23.29	37.96	199.7	1700	18	72.25	11.9	0.297	1.0	-0.22	2.74	1.00	0.00	0.16	111115
6	"11:54:47"	20180315	74	0	2.36	0.049	303	0.938	1.38	16.69	6	1.42	1	2.84	11.67	16.69	9.27	400.19	392.00	4.439	7.237	23.28	37.96	199.7	1700	18	72.25	11.9	0.297	1.0	-0.22	2.74	1.00	0.00	0.16	111115
7	"11:54:48"	20180315	74	0	2.38	0.0487	302	0.937	1.39	16.74	6	1.42	1	2.84	11.67	16.74	9.27	400.19	391.94	4.440	7.236	23.28	37.95	199.7	1700	18	72.25	11.9	0.297	1.0	-0.22	2.74	1.00	0.00	0.16	111115
8	"11:54:50"	20180315	74	0	2.35	0.0486	303	0.937	1.39	16.75	6	1.42	1	2.84	11.67	16.75	9.27	400.20	392.02	4.440	7.235	23.29	37.94	199.7	1700	18	72.25	11.9	0.297	1.0	-0.22	2.74	1.00	0.00	0.16	111115
9	"11:54:51"	20180315	74	0	2.35	0.0487	303	0.936	1.39	16.73	6	1.42	1	2.84	11.68	16.73	9.27	400.18	392.00	4.441	7.234	23.29	37.93	199.7	1700	18	72.25	11.9	0.297	1.0	-0.22	2.74	1.00	0.00	0.16	111115
10	"11:54:52"	20180315	74	0	2.35	0.0488	303	0.936	1.39	16.71	6	1.42	1	2.84	11.67	16.71	9.27	400.20	392.04	4.441	7.235	23.29	37.94	199.7	1700	18	72.25	11.9	0.297	1.0	-0.22	2.74	1.00	0.00	0.16	111115
11	"11:54:53"	20180315	74	0	2.36	0.049	303	0.937	1.38	16.68	6	1.42	1	2.84	11.67	16.68	9.27	400.19	392.00	4.441	7.236	23.29	37.95	199.7	1700	18	72.25	11.9	0.297	1.0	-0.22	2.74	1.00	0.00	0.16	111115
12	"11:54:55"	20180315	74	0	2.33	0.0489	304	0.936	1.38	16.69	6	1.42	1	2.84	11.67	16.69	9.27	400.16	392.05	4.442	7.235	23.30	37.95	199.7	1700	18	72.25	11.9	0.297	1.0	-0.22	2.74	1.00	0.00	0.16	111115
13	"11:54:56"	20180315	74	0	2.29	0.0489	305	0.935	1.38	16.68	6	1.42	1	2.84	11.67	16.68	9.27	400.12	392.13	4.442	7.232	23.30	37.93	199.7	1700	18	72.25	11.9	0.297	1.0	-0.22	2.74	1.00	0.00	0.16	111115
14	"11:54:57"	20180315	74	0	2.31	0.0488	304	0.936	1.39	16.70	6	1.42	1	2.84	11.67	16.70	9.27	400.13	392.08	4.442	7.233	23.29	37.93	199.7	1700	18	72.25	11.9	0.297	1.0	-0.22	2.74	1.00	0.00	0.16	111115
15	"11:54:59"	20180315	74	0	2.34	0.0488	303	0.936	1.39	16.71	6	1.42	1	2.84	11.68	16.71	9.27	400.13	391.99	4.442	7.235	23.29	37.94	199.7	1700	18	72.24	11.9	0.297	1.0	-0.22	2.74	1.00	0.00	0.16	111115
16	"11:55:02"	20180315	74	0	2.31	0.0488	304	0.936	1.39	16.71	6	1.42	1	2.84	11.68	16.71	9.27	400.10	392.05	4.442	7.235	23.29	37.94	199.7	1700	18	72.24	11.9	0.297	1.0	-0.22	2.74	1.00	0.00	0.16	111115
"11:55:42 Coolers: Tblock -> 14.20 C"
17	"12:04:14"	20180315	74	0	2.41	0.0511	302	1.15	1.62	19.44	6	1.42	1	2.84	15.88	19.44	14.27	400.06	391.47	5.463	8.890	21.80	35.47	199.7	1700	14	72.24	11.9	0.297	1.0	-0.22	2.74	1.00	0.00	0.16	111115
18	"12:04:15"	20180315	74	0	2.41	0.051	302	1.15	1.62	19.44	6	1.42	1	2.84	15.88	19.44	14.27	400.08	391.50	5.464	8.890	21.80	35.47	199.7	1700	13	72.24	11.9	0.297	1.0	-0.22	2.74	1.00	0.00	0.16	111115
19	"12:04:17"	20180315	74	0	2.36	0.051	304	1.15	1.63	19.46	6	1.42	1	2.84	15.88	19.46	14.27	400.00	391.55	5.465	8.893	21.80	35.48	199.7	1700	13	72.24	11.9	0.297	1.0	-0.22	2.74	1.00	0.00	0.16	111115
20	"12:04:18"	20180315	74	0	2.38	0.0509	303	1.15	1.63	19.48	6	1.42	1	2.84	15.88	19.48	14.27	400.04	391.53	5.465	8.893	21.80	35.48	199.7	1700	13	72.24	11.9	0.297	1.0	-0.22	2.74	1.00	0.00	0.16	111115
21	"12:04:19"	20180315	74	0	2.4	0.0509	302	1.15	1.63	19.47	6	1.42	1	2.84	15.88	19.47	14.27	400.06	391.49	5.466	8.891	21.81	35.47	199.7	1700	13	72.24	11.9	0.297	1.0	-0.22	2.74	1.00	0.00	0.16	111115
22	"12:04:20"	20180315	74	0	2.42	0.051	302	1.15	1.63	19.46	6	1.42	1	2.84	15.88	19.46	14.26	400.08	391.44	5.466	8.893	21.81	35.48	199.7	1700	13	72.24	11.9	0.297	1.0	-0.22	2.74	1.00	0.00	0.16	111115
23	"12:04:21"	20180315	74	0	2.4	0.0511	303	1.15	1.62	19.42	6	1.42	1	2.84	15.88	19.42	14.26	400.02	391.46	5.465	8.892	21.81	35.48	199.7	1700	13	72.24	11.9	0.297	1.0	-0.22	2.74	1.00	0.00	0.16	111115
24	"12:04:23"	20180315	74	0	2.37	0.0513	304	1.15	1.62	19.41	6	1.42	1	2.84	15.88	19.41	14.26	400.00	391.50	5.464	8.897	21.80	35.50	199.7	1700	13	72.24	11.9	0.297	1.0	-0.22	2.74	1.00	0.00	0.16	111115
25	"12:04:24"	20180315	74	0	2.35	0.0514	305	1.15	1.62	19.39	6	1.42	1	2.84	15.88	19.39	14.25	399.97	391.56	5.463	8.898	21.80	35.51	199.7	1700	13	72.24	11.9	0.297	1.0	-0.22	2.74	1.00	0.00	0.16	111115
26	"12:04:25"	20180315	74	0	2.35	0.0514	305	1.15	1.62	19.40	6	1.42	1	2.84	15.88	19.40	14.25	399.98	391.57	5.464	8.900	21.80	35.52	199.7	1700	13	72.24	11.9	0.297	1.0	-0.22	2.74	1.00	0.00	0.16	111115
27	"12:04:26"	20180315	74	0	2.35	0.0513	304	1.15	1.62	19.42	6	1.42	1	2.84	15.88	19.42	14.25	399.98	391.57	5.464	8.899	21.80	35.51	199.7	1700	14	72.24	11.9	0.297	1.0	-0.22	2.74	1.00	0.00	0.16	111115
28	"12:04:27"	20180315	74	0	2.35	0.0513	304	1.15	1.62	19.41	6	1.42	1	2.84	15.88	19.41	14.25	399.96	391.55	5.463	8.895	21.80	35.49	199.7	1700	13	72.24	11.9	0.297	1.0	-0.22	2.74	1.00	0.00	0.16	111115
29	"12:04:28"	20180315	74	0	2.35	0.0512	304	1.15	1.62	19.43	6	1.42	1	2.84	15.88	19.43	14.26	399.94	391.52	5.464	8.895	21.80	35.49	199.7	1700	13	72.24	11.9	0.297	1.0	-0.22	2.74	1.00	0.00	0.16	111115
30	"12:04:29"	20180315	74	0	2.32	0.0512	305	1.15	1.62	19.42	6	1.42	1	2.84	15.88	19.42	14.26	399.89	391.57	5.463	8.894	21.80	35.49	199.7	1700	13	72.24	11.9	0.297	1.0	-0.22	2.74	1.00	0.00	0.16	111115
31	"12:04:30"	20180315	74	0	2.33	0.0513	305	1.15	1.62	19.41	6	1.42	1	2.84	15.88	19.41	14.27	399.93	391.58	5.464	8.896	21.80	35.50	199.6	1700	13	72.24	11.9	0.297	1.0	-0.22	2.74	1.00	0.00	0.16	111115
32	"12:04:34"	20180315	74	0	2.35	0.0513	304	1.15	1.62	19.41	6	1.42	1	2.84	15.88	19.41	14.28	399.99	391.57	5.465	8.897	21.80	35.49	199.6	1700	13	72.24	11.9	0.297	1.0	-0.22	2.74	1.00	0.00	0.16	111115
"12:04:53 Coolers: Tblock -> 19.20 C"
33	"12:13:40"	20180315	74	0	2.65	0.0449	279	1.33	2.12	24.05	6	1.42	1	2.84	20.19	24.05	19.26	399.89	390.38	8.306	12.260	25.27	37.30	199.7	1700	17	72.23	11.9	0.297	1.0	-0.22	2.74	1.00	0.00	0.16	111115
34	"12:13:41"	20180315	74	0	2.6	0.0449	280	1.33	2.12	24.04	6	1.42	1	2.84	20.19	24.04	19.26	399.85	390.46	8.307	12.258	25.28	37.30	199.6	1700	17	72.23	11.9	0.297	1.0	-0.22	2.74	1.00	0.00	0.16	111115
35	"12:13:42"	20180315	74	0	2.62	0.0449	280	1.33	2.12	24.05	6	1.42	1	2.84	20.19	24.05	19.26	399.89	390.47	8.308	12.261	25.28	37.30	199.6	1700	17	72.23	11.9	0.297	1.0	-0.22	2.74	1.00	0.00	0.16	111115
36	"12:13:43"	20180315	74	0	2.65	0.045	279	1.33	2.12	24.04	6	1.42	1	2.84	20.19	24.04	19.26	399.92	390.39	8.307	12.262	25.27	37.31	199.6	1700	17	72.23	11.9	0.297	1.0	-0.22	2.74	1.00	0.00	0.16	111115
37	"12:13:44"	20180315	74	0	2.65	0.0449	279	1.33	2.12	24.04	6	1.42	1	2.84	20.19	24.04	19.26	399.92	390.39	8.308	12.262	25.27	37.30	199.6	1700	16	72.23	11.9	0.297	1.0	-0.22	2.74	1.00	0.00	0.16	111115
38	"12:13:44"	20180315	74	0	2.66	0.0449	278	1.33	2.12	24.04	6	1.42	1	2.84	20.19	24.04	19.26	399.92	390.36	8.308	12.263	25.27	37.30	199.6	1700	16	72.23	11.9	0.297	1.0	-0.22	2.74	1.00	0.00	0.16	111115
39	"12:13:45"	20180315	74	0	2.7	0.0449	277	1.33	2.12	24.05	6	1.42	1	2.84	20.19	24.05	19.26	399.97	390.28	8.307	12.265	25.27	37.31	199.7	1700	16	72.23	11.9	0.297	1.0	-0.22	2.74	1.00	0.00	0.16	111115
40	"12:13:46"	20180315	74	0	2.69	0.0449	277	1.33	2.12	24.05	6	1.42	1	2.84	20.19	24.05	19.26	399.94	390.30	8.306	12.264	25.27	37.31	199.7	1700	16	72.23	11.9	0.297	1.0	-0.22	2.74	1.00	0.00	0.16	111115
41	"12:13:47"	20180315	74	0	2.68	0.0449	277	1.33	2.12	24.06	6	1.42	1	2.84	20.19	24.06	19.26	399.94	390.30	8.307	12.266	25.27	37.31	199.7	1700	16	72.23	11.9	0.297	1.0	-0.22	2.74	1.00	0.00	0.16	111115
42	"12:13:47"	20180315	74	0	2.7	0.0449	277	1.33	2.12	24.05	6	1.42	1	2.84	20.19	24.05	19.26	399.94	390.26	8.306	12.265	25.27	37.31	199.7	1700	16	72.23	11.9	0.297	1.0	-0.22	2.74	1.00	0.00	0.16	111115
43	"12:13:48"	20180315	74	0	2.7	0.045	277	1.33	2.12	24.06	6	1.42	1	2.84	20.19	24.06	19.25	399.95	390.27	8.305	12.266	25.27	37.31	199.7	1700	16	72.23	11.9	0.297	1.0	-0.22	2.74	1.00	0.00	0.16	111115
44	"12:13:49"	20180315	74	0	2.72	0.0449	276	1.33	2.12	24.06	6	1.42	1	2.84	20.19	24.06	19.25	399.95	390.21	8.306	12.266	25.27	37.31	199.6	1700	16	72.23	11.9	0.297	1.0	-0.22	2.74	1.00	0.00	0.16	111115
45	"12:13:50"	20180315	74	0	2.72	0.045	276	1.33	2.12	24.05	6	1.42	1	2.84	20.19	24.05	19.25	399.99	390.25	8.306	12.267	25.27	37.31	199.6	1700	16	72.23	11.9	0.297	1.0	-0.22	2.74	1.00	0.00	0.16	111115
46	"12:13:51"	20180315	74	0	2.72	0.0449	276	1.33	2.12	24.07	6	1.42	1	2.84	20.19	24.07	19.25	400.01	390.26	8.306	12.264	25.27	37.31	199.7	1700	16	72.23	11.9	0.297	1.0	-0.22	2.74	1.00	0.00	0.16	111115
47	"12:13:51"	20180315	74	0	2.71	0.0449	276	1.33	2.12	24.07	6	1.42	1	2.84	20.19	24.07	19.25	400.01	390.31	8.306	12.262	25.27	37.30	199.7	1700	16	72.23	11.9	0.297	1.0	-0.22	2.74	1.00	0.00	0.16	111115
48	"12:13:52"	20180315	74	0	2.7	0.0448	277	1.33	2.12	24.06	6	1.42	1	2.84	20.19	24.06	19.25	400.01	390.34	8.307	12.260	25.27	37.29	199.7	1700	16	72.23	11.9	0.297	1.0	-0.22	2.74	1.00	0.00	0.16	111115
"12:14:19 Coolers: Tblock -> 24.20 C"
"12:15:38 Lamp: ParIn ->  1700 uml"
"12:15:38 CO2 Mixer: CO2R -> 400 uml"
"12:15:38 Coolers: Tblock -> 24.20 C"
"12:15:38 Flow: Fixed -> 200 umol/s"
"12:16:41 Lamp: ParIn ->  1700 uml"
"12:16:41 CO2 Mixer: CO2R -> 400 uml"
"12:16:41 Coolers: Tblock -> 24.20 C"
"12:16:41 Flow: Fixed -> 200 umol/s"
49	"12:25:45"	20180315	74	0	2.73	0.0355	249	1.14	2.28	26.35	6	1.42	1	2.84	24.77	26.35	24.25	399.98	390.43	12.773	16.148	29.41	37.18	199.6	1700	13	72.22	11.9	0.297	1.0	-0.22	2.74	1.00	0.00	0.16	111115
50	"12:25:46"	20180315	74	0	2.71	0.0354	250	1.14	2.28	26.35	6	1.42	1	2.84	24.77	26.35	24.25	399.95	390.45	12.772	16.143	29.41	37.17	199.6	1700	13	72.22	11.9	0.297	1.0	-0.22	2.74	1.00	0.00	0.16	111115
51	"12:25:47"	20180315	74	0	2.72	0.0353	249	1.14	2.28	26.36	6	1.42	1	2.84	24.77	26.36	24.25	399.98	390.48	12.772	16.138	29.41	37.16	199.6	1700	13	72.22	11.9	0.297	1.0	-0.22	2.74	1.00	0.00	0.16	111115
52	"12:25:48"	20180315	74	0	2.71	0.0353	250	1.14	2.28	26.36	6	1.42	1	2.84	24.77	26.36	24.25	399.97	390.48	12.773	16.137	29.41	37.15	199.6	1700	13	72.22	11.9	0.297	1.0	-0.22	2.74	1.00	0.00	0.16	111115
53	"12:25:49"	20180315	74	0	2.72	0.0353	249	1.14	2.28	26.36	6	1.42	1	2.84	24.77	26.36	24.26	399.98	390.46	12.771	16.139	29.40	37.16	199.6	1700	13	72.22	11.9	0.297	1.0	-0.22	2.74	1.00	0.00	0.16	111115
54	"12:25:49"	20180315	74	0	2.71	0.0353	250	1.14	2.28	26.35	6	1.42	1	2.84	24.77	26.35	24.26	399.97	390.48	12.771	16.138	29.40	37.15	199.6	1700	13	72.22	11.9	0.297	1.0	-0.22	2.74	1.00	0.00	0.16	111115
55	"12:25:50"	20180315	74	0	2.74	0.0354	249	1.14	2.28	26.35	6	1.42	1	2.84	24.77	26.35	24.26	400.04	390.48	12.771	16.138	29.40	37.15	199.6	1700	13	72.22	11.9	0.297	1.0	-0.22	2.74	1.00	0.00	0.16	111115
56	"12:25:51"	20180315	74	0	2.74	0.0354	248	1.14	2.28	26.34	6	1.42	1	2.84	24.78	26.34	24.26	400.04	390.45	12.771	16.141	29.40	37.15	199.6	1700	13	72.22	11.9	0.297	1.0	-0.22	2.74	1.00	0.00	0.16	111115
57	"12:25:52"	20180315	74	0	2.76	0.0354	248	1.14	2.28	26.34	6	1.42	1	2.84	24.78	26.34	24.26	400.07	390.43	12.770	16.141	29.40	37.15	199.6	1700	13	72.22	11.9	0.297	1.0	-0.22	2.74	1.00	0.00	0.16	111115
58	"12:25:52"	20180315	74	0	2.76	0.0354	248	1.14	2.28	26.33	6	1.42	1	2.84	24.78	26.33	24.27	400.07	390.45	12.773	16.142	29.40	37.15	199.6	1699	13	72.22	11.9	0.297	1.0	-0.22	2.74	1.00	0.00	0.16	111115
59	"12:25:53"	20180315	74	0	2.76	0.0354	248	1.14	2.28	26.34	6	1.42	1	2.84	24.78	26.34	24.27	400.07	390.44	12.774	16.141	29.40	37.15	199.6	1700	12	72.22	11.9	0.297	1.0	-0.22	2.74	1.00	0.00	0.16	111115
60	"12:25:54"	20180315	74	0	2.77	0.0353	247	1.14	2.28	26.36	6	1.42	1	2.84	24.78	26.36	24.27	400.03	390.39	12.775	16.140	29.40	37.15	199.6	1700	12	72.22	11.9	0.297	1.0	-0.22	2.74	1.00	0.00	0.16	111115
61	"12:25:54"	20180315	74	0	2.75	0.0353	248	1.14	2.28	26.37	6	1.42	1	2.84	24.78	26.37	24.27	400.01	390.41	12.775	16.141	29.40	37.15	199.6	1700	12	72.22	11.9	0.297	1.0	-0.22	2.74	1.00	0.00	0.16	111115
62	"12:25:55"	20180315	74	0	2.73	0.0352	248	1.14	2.28	26.38	6	1.42	1	2.84	24.78	26.38	24.27	400.00	390.46	12.777	16.141	29.40	37.14	199.6	1700	13	72.22	11.9	0.297	1.0	-0.22	2.74	1.00	0.00	0.16	111115
63	"12:25:56"	20180315	74	0	2.72	0.0353	249	1.14	2.29	26.38	6	1.42	1	2.84	24.78	26.38	24.27	399.99	390.49	12.776	16.142	29.40	37.14	199.6	1700	13	72.22	11.9	0.297	1.0	-0.22	2.74	1.00	0.00	0.16	111115
64	"12:25:57"	20180315	74	0	2.7	0.0353	250	1.14	2.29	26.38	6	1.42	1	2.84	24.78	26.38	24.27	399.95	390.50	12.774	16.142	29.39	37.14	199.6	1700	13	72.22	11.9	0.297	1.0	-0.22	2.74	1.00	0.00	0.16	111115
"12:26:45 Coolers: Tblock -> 29.20 C"
"12:34:39 Flow: Fixed -> 200 umol/s"
65	"12:35:07"	20180315	74	0	1.86	0.0275	263	1.1	2.82	29.66	6	1.42	1	2.84	29.20	29.66	29.24	400.15	393.24	15.612	18.870	27.70	33.48	199.6	1700	14	72.21	15.1	0.336	1.0	-0.22	2.74	1.00	0.00	0.16	111115
66	"12:35:08"	20180315	74	0	1.86	0.0275	263	1.1	2.81	29.66	6	1.42	1	2.84	29.20	29.66	29.24	400.15	393.25	15.611	18.867	27.70	33.48	199.6	1700	14	72.21	15.1	0.336	1.0	-0.22	2.74	1.00	0.00	0.16	111115
67	"12:35:08"	20180315	74	0	1.86	0.0275	263	1.1	2.81	29.66	6	1.42	1	2.84	29.20	29.66	29.24	400.14	393.25	15.611	18.867	27.70	33.48	199.6	1700	14	72.21	15.1	0.336	1.0	-0.22	2.74	1.00	0.00	0.16	111115
68	"12:35:09"	20180315	74	0	1.85	0.0275	263	1.1	2.81	29.65	6	1.42	1	2.84	29.21	29.65	29.24	400.15	393.28	15.612	18.864	27.70	33.47	199.6	1700	14	72.21	15.1	0.336	1.0	-0.22	2.74	1.00	0.00	0.16	111115
69	"12:35:10"	20180315	74	0	1.86	0.0275	263	1.1	2.81	29.65	6	1.42	1	2.84	29.20	29.65	29.24	400.17	393.28	15.612	18.863	27.70	33.47	199.6	1700	14	72.21	15.1	0.336	1.0	-0.22	2.74	1.00	0.00	0.16	111115
70	"12:35:10"	20180315	74	0	1.85	0.0275	263	1.1	2.81	29.64	6	1.42	1	2.84	29.20	29.64	29.24	400.14	393.28	15.611	18.860	27.70	33.46	199.6	1700	14	72.21	15.1	0.336	1.0	-0.22	2.74	1.00	0.00	0.16	111115
71	"12:35:11"	20180315	74	0	1.86	0.0274	263	1.1	2.81	29.64	6	1.42	1	2.84	29.21	29.64	29.24	400.15	393.27	15.612	18.856	27.70	33.45	199.6	1700	14	72.21	15.1	0.336	1.0	-0.22	2.74	1.00	0.00	0.16	111115
72	"12:35:11"	20180315	74	0	1.87	0.0274	262	1.1	2.81	29.64	6	1.42	1	2.84	29.21	29.64	29.24	400.15	393.24	15.613	18.853	27.70	33.45	199.6	1700	14	72.21	15.1	0.336	1.0	-0.22	2.74	1.00	0.00	0.16	111115
73	"12:35:12"	20180315	74	0	1.89	0.0274	261	1.1	2.81	29.64	6	1.42	1	2.84	29.21	29.64	29.24	400.15	393.17	15.612	18.853	27.70	33.45	199.6	1700	14	72.21	15.1	0.336	1.0	-0.22	2.74	1.00	0.00	0.16	111115
74	"12:35:13"	20180315	74	0	1.9	0.0274	260	1.1	2.81	29.65	6	1.42	1	2.84	29.21	29.65	29.24	400.17	393.17	15.611	18.855	27.70	33.45	199.6	1700	14	72.21	15.1	0.336	1.0	-0.22	2.74	1.00	0.00	0.16	111115
75	"12:35:13"	20180315	74	0	1.89	0.0274	261	1.1	2.82	29.65	6	1.42	1	2.84	29.21	29.65	29.24	400.19	393.20	15.611	18.855	27.70	33.45	199.6	1700	14	72.21	15.1	0.336	1.0	-0.22	2.74	1.00	0.00	0.16	111115
76	"12:35:14"	20180315	74	0	1.9	0.0274	260	1.1	2.82	29.66	6	1.42	1	2.84	29.21	29.66	29.24	400.23	393.23	15.611	18.857	27.70	33.45	199.6	1700	14	72.21	15.1	0.336	1.0	-0.22	2.74	1.00	0.00	0.16	111115
77	"12:35:15"	20180315	74	0	1.91	0.0274	260	1.1	2.82	29.66	6	1.42	1	2.84	29.21	29.66	29.24	400.28	393.23	15.610	18.855	27.69	33.45	199.6	1700	14	72.21	15.1	0.336	1.0	-0.22	2.74	1.00	0.00	0.16	111115
78	"12:35:16"	20180315	74	0	1.91	0.0274	259	1.1	2.82	29.65	6	1.42	1	2.84	29.21	29.65	29.24	400.28	393.22	15.611	18.855	27.69	33.45	199.6	1700	14	72.21	15.1	0.336	1.0	-0.22	2.74	1.00	0.00	0.16	111115
79	"12:35:16"	20180315	74	0	1.91	0.0274	260	1.1	2.81	29.65	6	1.42	1	2.84	29.21	29.65	29.24	400.28	393.25	15.611	18.857	27.69	33.45	199.6	1700	15	72.21	15.1	0.336	1.0	-0.22	2.74	1.00	0.00	0.16	111115
80	"12:35:17"	20180315	74	0	1.91	0.0274	260	1.1	2.81	29.65	6	1.42	1	2.84	29.21	29.65	29.24	400.26	393.23	15.611	18.851	27.69	33.44	199.6	1700	15	72.21	15.1	0.336	1.0	-0.22	2.74	1.00	0.00	0.16	111115
"12:35:58 Coolers: Tblock -> 34.20 C"
"12:47:13 Flow: Fixed -> 200 umol/s"
81	"12:48:02"	20180315	74	0	1.21	0.0146	238	0.692	3.29	33.18	6	1.42	1	2.84	33.73	33.18	34.23	400.11	395.64	23.173	25.201	31.79	34.57	199.6	1701	15	72.19	16.9	0.316	0.7	-0.22	2.74	1.00	0.00	0.16	111115
82	"12:48:03"	20180315	74	0	1.23	0.0146	235	0.692	3.28	33.18	6	1.42	1	2.84	33.73	33.18	34.23	400.14	395.61	23.172	25.201	31.79	34.57	199.6	1701	16	72.19	16.9	0.316	0.7	-0.22	2.74	1.00	0.00	0.16	111115
83	"12:48:03"	20180315	74	0	1.22	0.0146	237	0.693	3.28	33.18	6	1.42	1	2.84	33.73	33.18	34.23	400.12	395.63	23.172	25.202	31.79	34.57	199.6	1701	16	72.19	16.9	0.316	0.7	-0.22	2.74	1.00	0.00	0.16	111115
84	"12:48:04"	20180315	74	0	1.23	0.0146	236	0.693	3.28	33.18	6	1.42	1	2.84	33.73	33.18	34.23	400.13	395.62	23.172	25.202	31.79	34.57	199.6	1701	16	72.19	16.9	0.316	0.7	-0.22	2.74	1.00	0.00	0.16	111115
85	"12:48:05"	20180315	74	0	1.2	0.0146	239	0.693	3.28	33.18	6	1.42	1	2.84	33.73	33.18	34.23	400.12	395.69	23.172	25.203	31.79	34.57	199.6	1701	16	72.19	16.9	0.316	0.7	-0.22	2.74	1.00	0.00	0.16	111115
86	"12:48:05"	20180315	74	0	1.2	0.0146	239	0.693	3.28	33.18	6	1.42	1	2.84	33.73	33.18	34.23	400.14	395.70	23.172	25.202	31.79	34.57	199.6	1701	16	72.18	16.9	0.316	0.7	-0.22	2.74	1.00	0.00	0.16	111115
87	"12:48:06"	20180315	74	0	1.19	0.0145	240	0.691	3.28	33.18	6	1.42	1	2.84	33.73	33.18	34.23	400.15	395.76	23.173	25.197	31.79	34.56	199.6	1701	16	72.18	16.9	0.316	0.7	-0.22	2.74	1.00	0.00	0.16	111115
88	"12:48:06"	20180315	74	0	1.2	0.0145	238	0.69	3.29	33.19	6	1.42	1	2.84	33.73	33.19	34.23	400.17	395.73	23.173	25.196	31.79	34.56	199.6	1701	16	72.18	16.9	0.316	0.7	-0.22	2.74	1.00	0.00	0.16	111115
89	"12:48:07"	20180315	74	0	1.19	0.0145	240	0.69	3.29	33.19	6	1.42	1	2.84	33.73	33.19	34.23	400.16	395.77	23.173	25.195	31.79	34.56	199.6	1701	16	72.18	16.9	0.316	0.7	-0.22	2.74	1.00	0.00	0.16	111115
90	"12:48:08"	20180315	74	0	1.19	0.0145	240	0.69	3.29	33.19	6	1.42	1	2.84	33.73	33.19	34.23	400.16	395.77	23.173	25.195	31.79	34.56	199.6	1701	16	72.18	16.9	0.316	0.7	-0.22	2.74	1.00	0.00	0.16	111115
91	"12:48:08"	20180315	74	0	1.18	0.0145	241	0.69	3.29	33.19	6	1.42	1	2.84	33.73	33.19	34.23	400.17	395.81	23.173	25.196	31.79	34.56	199.6	1701	16	72.18	16.9	0.316	0.7	-0.22	2.74	1.00	0.00	0.16	111115
92	"12:48:09"	20180315	74	0	1.18	0.0145	240	0.69	3.29	33.19	6	1.42	1	2.84	33.73	33.19	34.23	400.17	395.79	23.175	25.196	31.79	34.56	199.6	1701	16	72.18	16.9	0.316	0.7	-0.22	2.74	1.00	0.00	0.16	111115
93	"12:48:09"	20180315	74	0	1.18	0.0145	240	0.689	3.29	33.19	6	1.42	1	2.84	33.73	33.19	34.23	400.18	395.80	23.173	25.193	31.79	34.56	199.6	1701	16	72.18	16.9	0.316	0.7	-0.22	2.74	1.00	0.00	0.16	111115
94	"12:48:10"	20180315	74	0	1.18	0.0145	241	0.689	3.29	33.19	6	1.42	1	2.84	33.73	33.19	34.23	400.17	395.81	23.173	25.193	31.79	34.56	199.6	1701	16	72.19	16.9	0.316	0.7	-0.22	2.74	1.00	0.00	0.16	111115
95	"12:48:10"	20180315	74	0	1.16	0.0145	242	0.69	3.29	33.19	6	1.42	1	2.84	33.73	33.19	34.22	400.14	395.82	23.172	25.195	31.79	34.56	199.6	1701	16	72.19	16.9	0.316	0.7	-0.22	2.74	1.00	0.00	0.16	111115
96	"12:48:11"	20180315	74	0	1.15	0.0145	244	0.691	3.29	33.19	6	1.42	1	2.84	33.73	33.19	34.22	400.10	395.83	23.172	25.197	31.79	34.56	199.6	1701	16	72.19	16.9	0.316	0.7	-0.22	2.74	1.00	0.00	0.16	111115
"12:48:16 Lamp: ParIn ->  1700 uml"
"12:48:17 CO2 Mixer: CO2R -> 400 uml"
"12:48:17 Coolers: Tblock -> 34.20 C"
"12:48:17 Flow: Fixed -> 200 umol/s"
"12:49:36 Coolers: Tblock -> 39.20 C"
"12:54:36 Flow: Fixed -> 200 umol/s"
"12:57:14 Flow: Fixed -> 200 umol/s"
97	"12:57:20"	20180315	74	0	0.926	0.0122	247	0.657	3.67	36.10	6	1.42	1	2.84	38.13	36.10	39.23	400.21	396.65	30.413	32.325	32.74	34.80	199.7	1699	13	72.17	17.5	0.197	1.0	-0.22	2.74	1.00	0.00	0.16	111115
98	"12:57:20"	20180315	74	0	0.938	0.0122	246	0.656	3.67	36.10	6	1.42	1	2.84	38.13	36.10	39.23	400.24	396.64	30.413	32.322	32.74	34.79	199.6	1699	13	72.17	17.5	0.197	1.0	-0.22	2.74	1.00	0.00	0.16	111115
99	"12:57:21"	20180315	74	0	0.926	0.0122	247	0.658	3.67	36.11	6	1.42	1	2.84	38.13	36.11	39.23	400.23	396.66	30.412	32.325	32.73	34.79	199.6	1699	13	72.17	17.5	0.197	1.0	-0.22	2.74	1.00	0.00	0.16	111115
100	"12:57:21"	20180315	74	0	0.923	0.0122	248	0.658	3.67	36.11	6	1.42	1	2.84	38.13	36.11	39.23	400.20	396.64	30.411	32.325	32.73	34.79	199.7	1699	13	72.17	17.5	0.197	1.0	-0.22	2.74	1.00	0.00	0.16	111115
101	"12:57:22"	20180315	74	0	0.922	0.0123	248	0.659	3.67	36.11	6	1.42	1	2.84	38.13	36.11	39.23	400.19	396.64	30.412	32.327	32.74	34.80	199.7	1699	13	72.17	17.5	0.197	1.0	-0.22	2.74	1.00	0.00	0.16	111115
102	"12:57:22"	20180315	74	0	0.918	0.0123	248	0.659	3.67	36.11	6	1.42	1	2.84	38.13	36.11	39.23	400.17	396.63	30.413	32.329	32.74	34.80	199.7	1699	13	72.17	17.5	0.197	1.0	-0.22	2.74	1.00	0.00	0.16	111115
103	"12:57:23"	20180315	74	0	0.919	0.0123	249	0.66	3.67	36.11	6	1.42	1	2.84	38.13	36.11	39.23	400.18	396.63	30.412	32.331	32.74	34.80	199.7	1699	13	72.17	17.5	0.197	1.0	-0.22	2.74	1.00	0.00	0.16	111115
104	"12:57:24"	20180315	74	0	0.913	0.0123	249	0.66	3.67	36.10	6	1.42	1	2.84	38.13	36.10	39.23	400.16	396.62	30.411	32.332	32.74	34.80	199.7	1699	13	72.17	17.5	0.197	1.0	-0.22	2.74	1.00	0.00	0.16	111115
105	"12:57:24"	20180315	74	0	0.926	0.0123	248	0.659	3.67	36.10	6	1.42	1	2.84	38.13	36.10	39.23	400.16	396.60	30.411	32.329	32.74	34.80	199.7	1699	13	72.17	17.5	0.197	1.0	-0.22	2.74	1.00	0.00	0.16	111115
106	"12:57:25"	20180315	74	0	0.93	0.0123	247	0.661	3.67	36.11	6	1.42	1	2.84	38.13	36.11	39.23	400.17	396.58	30.410	32.331	32.73	34.80	199.7	1699	13	72.17	17.5	0.197	1.0	-0.22	2.74	1.00	0.00	0.16	111115
107	"12:57:25"	20180315	74	0	0.935	0.0123	246	0.66	3.67	36.11	6	1.42	1	2.84	38.13	36.11	39.23	400.19	396.60	30.409	32.327	32.73	34.80	199.7	1699	13	72.17	17.5	0.197	1.0	-0.22	2.74	1.00	0.00	0.16	111115
108	"12:57:26"	20180315	74	0	0.941	0.0123	246	0.659	3.67	36.11	6	1.42	1	2.84	38.13	36.11	39.23	400.18	396.57	30.408	32.324	32.73	34.79	199.7	1699	13	72.17	17.5	0.197	1.0	-0.22	2.74	1.00	0.00	0.16	111115
109	"12:57:27"	20180315	74	0	0.935	0.0122	246	0.659	3.67	36.11	6	1.42	1	2.84	38.13	36.11	39.23	400.18	396.59	30.407	32.322	32.73	34.79	199.7	1699	13	72.17	17.5	0.197	1.0	-0.22	2.74	1.00	0.00	0.16	111115
110	"12:57:27"	20180315	74	0	0.924	0.0122	247	0.658	3.68	36.12	6	1.42	1	2.84	38.13	36.12	39.23	400.19	396.63	30.408	32.322	32.73	34.79	199.7	1699	13	72.17	17.5	0.197	1.0	-0.22	2.74	1.00	0.00	0.16	111115
111	"12:57:28"	20180315	74	0	0.927	0.0122	247	0.657	3.68	36.13	6	1.42	1	2.84	38.13	36.13	39.23	400.19	396.62	30.408	32.317	32.73	34.78	199.7	1699	13	72.17	17.5	0.197	1.0	-0.22	2.74	1.00	0.00	0.16	111115
112	"12:57:29"	20180315	74	0	0.918	0.0122	248	0.658	3.68	36.13	6	1.42	1	2.84	38.13	36.13	39.23	400.18	396.64	30.408	32.322	32.73	34.79	199.7	1699	13	72.17	17.5	0.197	1.0	-0.22	2.74	1.00	0.00	0.16	111115
"12:58:03 Coolers: Tblock -> 44.20 C"
"13:02:15 Flow: Fixed -> 200 umol/s"
113	"13:02:33"	20180315	74	0	0.871	0.0129	253	0.846	4.47	38.47	6	1.42	1	2.84	42.39	38.47	44.23	400.06	396.43	30.253	32.713	25.94	28.05	199.7	1699	12	72.16	19.6	0.153	1.0	-0.22	2.74	1.00	0.00	0.16	111115
114	"13:02:34"	20180315	74	0	0.867	0.0129	254	0.846	4.47	38.48	6	1.42	1	2.84	42.39	38.48	44.23	400.08	396.46	30.252	32.712	25.94	28.05	199.7	1698	12	72.16	19.6	0.153	1.0	-0.22	2.74	1.00	0.00	0.16	111115
115	"13:02:34"	20180315	74	0	0.88	0.0129	252	0.847	4.47	38.48	6	1.42	1	2.84	42.39	38.48	44.23	400.12	396.47	30.251	32.712	25.94	28.05	199.7	1698	12	72.16	19.6	0.153	1.0	-0.22	2.74	1.00	0.00	0.16	111115
116	"13:02:35"	20180315	74	0	0.9	0.0129	250	0.848	4.47	38.48	6	1.42	1	2.84	42.40	38.48	44.23	400.18	396.47	30.251	32.714	25.94	28.05	199.7	1698	12	72.16	19.6	0.153	1.0	-0.22	2.74	1.00	0.00	0.16	111115
117	"13:02:35"	20180315	74	0	0.907	0.0129	249	0.848	4.47	38.49	6	1.42	1	2.84	42.40	38.49	44.23	400.16	396.43	30.251	32.717	25.94	28.05	199.7	1698	12	72.16	19.6	0.153	1.0	-0.22	2.74	1.00	0.00	0.16	111115
118	"13:02:36"	20180315	74	0	0.891	0.0129	251	0.849	4.47	38.49	6	1.42	1	2.84	42.40	38.49	44.23	400.13	396.44	30.250	32.716	25.93	28.05	199.7	1698	12	72.16	19.6	0.153	1.0	-0.22	2.74	1.00	0.00	0.16	111115
119	"13:02:36"	20180315	74	0	0.889	0.0129	251	0.848	4.48	38.49	6	1.42	1	2.84	42.40	38.49	44.23	400.14	396.45	30.249	32.713	25.93	28.04	199.7	1698	12	72.16	19.6	0.153	1.0	-0.22	2.74	1.00	0.00	0.16	111115
120	"13:02:37"	20180315	74	0	0.892	0.0128	251	0.848	4.48	38.50	6	1.42	1	2.84	42.40	38.50	44.23	400.12	396.43	30.249	32.714	25.93	28.04	199.7	1699	12	72.16	19.6	0.153	1.0	-0.22	2.74	1.00	0.00	0.16	111115
121	"13:02:37"	20180315	74	0	0.884	0.0128	251	0.848	4.48	38.51	6	1.42	1	2.84	42.40	38.51	44.23	400.09	396.43	30.249	32.712	25.93	28.04	199.7	1699	12	72.16	19.6	0.153	1.0	-0.22	2.74	1.00	0.00	0.16	111115
122	"13:02:38"	20180315	74	0	0.87	0.0128	253	0.847	4.49	38.52	6	1.42	1	2.84	42.40	38.52	44.23	400.06	396.43	30.249	32.713	25.93	28.04	199.7	1699	12	72.16	19.6	0.153	1.0	-0.22	2.74	1.00	0.00	0.16	111115
123	"13:02:39"	20180315	74	0	0.85	0.0128	255	0.847	4.49	38.52	6	1.42	1	2.84	42.40	38.52	44.23	400.03	396.46	30.247	32.709	25.93	28.04	199.7	1699	12	72.16	19.6	0.153	1.0	-0.22	2.74	1.00	0.00	0.16	111115
124	"13:02:39"	20180315	74	0	0.846	0.0128	256	0.847	4.49	38.54	6	1.42	1	2.84	42.40	38.54	44.24	400.03	396.48	30.245	32.708	25.92	28.04	199.6	1699	12	72.16	19.6	0.153	1.0	-0.22	2.74	1.00	0.00	0.16	111115
125	"13:02:40"	20180315	74	0	0.856	0.0128	254	0.846	4.5	38.54	6	1.42	1	2.84	42.40	38.54	44.24	400.08	396.49	30.243	32.703	25.92	28.03	199.7	1700	12	72.16	19.6	0.153	1.0	-0.22	2.74	1.00	0.00	0.16	111115
126	"13:02:40"	20180315	74	0	0.853	0.0128	255	0.847	4.5	38.55	6	1.42	1	2.84	42.40	38.55	44.24	400.09	396.52	30.243	32.705	25.92	28.03	199.7	1700	12	72.16	19.6	0.153	1.0	-0.22	2.74	1.00	0.00	0.16	111115
127	"13:02:41"	20180315	74	0	0.839	0.0128	256	0.848	4.5	38.55	6	1.42	1	2.84	42.41	38.55	44.25	400.08	396.55	30.242	32.705	25.91	28.02	199.7	1700	12	72.16	19.6	0.153	1.0	-0.22	2.74	1.00	0.00	0.16	111115
128	"13:02:42"	20180315	74	0	0.832	0.0128	257	0.847	4.5	38.55	6	1.42	1	2.84	42.41	38.55	44.25	400.06	396.56	30.242	32.704	25.91	28.02	199.7	1700	12	72.16	19.6	0.153	1.0	-0.22	2.74	1.00	0.00	0.16	111115
"13:02:59 Coolers: Tblock -> 49.20 C"
"13:09:28 Flow: Fixed -> 200 umol/s"
129	"13:10:01"	20180315	74	0	0.539	0.00936	261	0.788	5.66	41.36	6	1.42	1	2.84	46.90	41.36	49.22	400.04	397.48	29.672	31.964	20.15	21.71	199.7	1700	10	72.16	20.9	0.171	1.0	-0.22	2.74	1.00	0.00	0.16	111115
130	"13:10:02"	20180315	74	0	0.586	0.00932	253	0.787	5.67	41.39	6	1.42	1	2.84	46.90	41.39	49.22	400.12	397.42	29.672	31.960	20.15	21.70	199.7	1700	10	72.16	20.9	0.171	1.0	-0.22	2.74	1.00	0.00	0.16	111115
131	"13:10:02"	20180315	74	0	0.559	0.00933	257	0.787	5.68	41.39	6	1.42	1	2.84	46.91	41.39	49.22	400.07	397.45	29.671	31.961	20.15	21.70	199.7	1700	10	72.16	20.9	0.171	1.0	-0.22	2.74	1.00	0.00	0.16	111115
132	"13:10:03"	20180315	74	0	0.546	0.00934	259	0.787	5.66	41.36	6	1.42	1	2.84	46.91	41.36	49.22	400.09	397.51	29.672	31.960	20.15	21.70	199.7	1700	10	72.16	20.9	0.171	1.0	-0.22	2.74	1.00	0.00	0.16	111115
133	"13:10:04"	20180315	74	0	0.541	0.00933	260	0.786	5.66	41.36	6	1.42	1	2.84	46.91	41.36	49.22	400.10	397.54	29.673	31.958	20.15	21.70	199.7	1700	10	72.16	20.9	0.171	1.0	-0.22	2.74	1.00	0.00	0.16	111115
134	"13:10:04"	20180315	74	0	0.526	0.00932	262	0.786	5.67	41.37	6	1.42	1	2.84	46.91	41.37	49.22	400.08	397.56	29.673	31.958	20.15	21.70	199.7	1700	10	72.16	20.9	0.171	1.0	-0.22	2.74	1.00	0.00	0.16	111115
135	"13:10:05"	20180315	74	0	0.533	0.00935	262	0.786	5.66	41.35	6	1.42	1	2.84	46.91	41.35	49.22	400.13	397.59	29.671	31.959	20.14	21.70	199.7	1700	10	72.16	20.9	0.171	1.0	-0.22	2.74	1.00	0.00	0.16	111115
136	"13:10:06"	20180315	74	0	0.516	0.00936	264	0.787	5.66	41.34	6	1.42	1	2.84	46.91	41.34	49.22	400.09	397.60	29.672	31.961	20.14	21.70	199.7	1700	10	72.16	20.9	0.171	1.0	-0.22	2.74	1.00	0.00	0.16	111115
137	"13:10:06"	20180315	74	0	0.513	0.00936	265	0.787	5.66	41.34	6	1.42	1	2.84	46.91	41.34	49.22	400.09	397.61	29.671	31.960	20.14	21.70	199.7	1700	10	72.16	20.9	0.171	1.0	-0.22	2.74	1.00	0.00	0.16	111115
138	"13:10:07"	20180315	74	0	0.534	0.00934	261	0.786	5.66	41.35	6	1.42	1	2.84	46.91	41.35	49.22	400.11	397.57	29.668	31.954	20.14	21.69	199.7	1700	10	72.16	20.9	0.171	1.0	-0.22	2.74	1.00	0.00	0.16	111115
139	"13:10:08"	20180315	74	0	0.529	0.00934	262	0.786	5.66	41.35	6	1.42	1	2.84	46.91	41.35	49.22	400.12	397.59	29.666	31.952	20.14	21.69	199.7	1700	10	72.16	20.9	0.171	1.0	-0.22	2.74	1.00	0.00	0.16	111115
140	"13:10:09"	20180315	74	0	0.515	0.00931	264	0.784	5.67	41.37	6	1.42	1	2.84	46.91	41.37	49.22	400.11	397.63	29.666	31.948	20.14	21.69	199.7	1700	10	72.16	20.9	0.171	1.0	-0.22	2.74	1.00	0.00	0.16	111115
141	"13:10:09"	20180315	74	0	0.509	0.00929	265	0.783	5.66	41.36	6	1.42	1	2.84	46.91	41.36	49.22	400.09	397.63	29.667	31.944	20.14	21.68	199.7	1700	10	72.16	20.9	0.171	1.0	-0.22	2.74	1.00	0.00	0.16	111115
142	"13:10:10"	20180315	74	0	0.504	0.00929	266	0.783	5.67	41.36	6	1.42	1	2.84	46.91	41.36	49.22	400.08	397.63	29.666	31.942	20.14	21.68	199.7	1700	10	72.16	20.9	0.171	0.7	-0.22	2.74	1.00	0.00	0.16	111115
143	"13:10:11"	20180315	74	0	0.503	0.00926	266	0.781	5.67	41.37	6	1.42	1	2.84	46.91	41.37	49.22	400.07	397.62	29.667	31.937	20.14	21.68	199.7	1700	10	72.16	20.9	0.171	1.0	-0.22	2.74	1.00	0.00	0.16	111115
144	"13:10:11"	20180315	74	0	0.503	0.00924	265	0.78	5.68	41.38	6	1.42	1	2.84	46.91	41.38	49.23	400.06	397.62	29.666	31.935	20.13	21.67	199.7	1700	10	72.16	20.9	0.171	1.0	-0.22	2.74	1.00	0.00	0.16	111115
